3000
6 2 5
6 3 5 1 8
1 7 6 5 2
3 6 7 8 2 5
9 4 2 10 6
3 7 2 4 9 12
8 10 1 11 4 12
12 1
6 1 3 14 13
0
15 5 4
0
17 18 9 10 7
12 6
8
0
12
13 15 12 16 10 22 23
17 21 13 11 24 18 16
17 18 22 13 14
19 25 18 14 20 23
15 28 21 26
16 22 21 24 19 26 28
0
29 28 19 30 22
23 29
0
25 33 24 20 26 31
28 22
0
34 29 28 35
25 34 29 37 26 24
38 28 27 26 39 30 36
39 36 37 30 29 40 38
40 36 29 37 31 38 30
28 29 30 40 42
32 36 34 30 41 31 29
37
33 35
38 42 34 35
34 46 39 37 36
39 38 46
49 36 37
50 48 38 42
0
39
50 49 53 43 39 52 46
51 54 43 45
52 50 48 55 53 43
52 43
50 57 49
50 51 45 58 56
0
55 52
52 57 48
62 50
54 58 56 60 55 53
64 56
58 55 61
66 52 56 53 58 63
58 67 65 66
54 60 57
59 66 62 68
65 69 66
0
69 61 60 68 70 65 62
62 73 66 70 68
65 70
70 68 62 74
66 68 76 74 62 63 75
70
71 78 73
0
67 70 76 80 77
76 77 79 73
79 73
72 71 76 73 80 74 70
81 80 74 70
80 84 77 72 83
72
0
75 85 76 88 87 81
87 88 84 79 78 77
89 82 87 79 80
91 77 83 81 82 80 90
88 82 79 84
79 82 92 88
85 94 87 82 84
86 90 95 92
0
92 84 97 86
84
90 88 99 89 91 85
91 97 86 90
91 89
101
0
0
103 96 92 102 91 100
103 99
107 93 96
105
96 95 107 98 105 100
106 100 102 101
101 104
108 98 103 109 104 101 107
0
111
0
0
108
110 104 117
106 117 105 116 111 107
116 115 107 110 109 119 108
114 119 108
113 110
121 122 118
123
120 121
125 118 119 112 117
117
115 124
116 119 125 118 120 128
128 116 125
0
122 121 119 118
122 121
132 120 123
123
131 135 126 127 123 136
125 126 128 129 124
127 128 126 137 124
125 127 139
126 135 138
130 141 139 128 137 133
131
141
135 134 137
137 142
143 145 144 139
136
140 135 137 145
148 138 147 146 141
147 145 141 148 143 146 150
149 151 139
139 152 151 141 149
0
0
148 146 141 153 144 151 154
153 152 142 151 155 148
152 148 154 155 147 146 143
154 148 145 144
151 147 156 157 149 152 146
149 159 157 158 160
151 154 147 160
161 155 150 152
0
151
155 153 154 151 162 157 158
153 164 165 163 152 159 166
156 154
157 163 159
165
158 165 162 169
161 162 171 163 160 169 158
169 167 160 162 172 164
170 161 171 159 173 165
166 165 171 170
0
164 167
0
171 168
179
0
173 171 177 170 169 179
0
181 178 175 169 171 180
182 170 180 171 184
184 182 176 183 175
175 173 179
173 187 185 184 183
175
0
189 176 177 178 186
189
189
191 182 188 181 183
191
195 194 186 193 188
183 193 185 196 187 186 195
197 190 184 186 196
187 195 194
192
186 200 189 198 187
0
197 189 188 202
0
191 195 197 201
205 191 196 195
201 206 204 205 192
199 196 200
204 206 203
198 202
206 203
211 210 200 197 202
203 204
205 208 210 213
204 201 211 202
205 206 215
203
203
0
211 207 214 215 205 216 219
211 209 218 213
210 214 219 212 221 207
222
0
216 220 210 219 224
0
224 215 222 217
0
225 226 219 228
218 221 219
223 229 220 228
229 222 221 223 220 226
227 224 218 223 222 231
233 228 231 226 221 223
223
227 221 230 233
231 228 227 226
225 224 223 227
233
227 236 229 228 234 226 230
231 227 239 240 237 238
240 232 229 228 230
234 231
0
234
233 245 242 243 234 240 241
0
0
243 236
235 236 244 242
237 246 236 243 249 247
246 247 251
249 243 238 248
244 243 249
253 246 250 247
242 243 244 251 248
244
249 255 246 253
0
245 252 258
249 256 250
260
255
249 255 250 253 254 256 251
263 254 255
264 256 257 255 253
254 263 255 256 265 253
256 259 260
257 266 256 264
255 269 262 266 265
260 269 263 268 259 262
271 270 260 268 263 258
263 262 272 265 268
259
265 272 264 273
267 266 272 274
266 273 272 274 262 271
268 263
278 264 276
275
278 267 272 276 273 277 280
277 267 279 280
280
0
0
280 274 285 283 275 277 273
283
285 273 287
0
288 275 277 282
277 282 285 279
284 286 291
282
281 288
292 287 282 284 293 294
290 285
0
284 292 285
296 289 291 286 298
287 294
299 296 291 289 292 287
292
302 288 297 298 299 294
295 298 302 291 299 300 294
301 299
291 295
304 301 297 302
297 299 293 304
304 308 303 294 296 299 307
295 302 304
303 299 301 308 298 309
308 299 309 307 297 303
301 307 303 312
311 299 300
310 306 311 312
303
307 312 304
303 308 313 310 304 306
307
309
319 311 306
307 313 312 321 316 311
0
318 311 316
319 320 314
317 321 318 316 314 313
314 317 319 323 315 312
318 314 325 319 326 323
315 324 319 321 325
319 329 321
325 321 320 327 323
318 326 321 324 322 319
331 327 321 329 330 325
0
329
333 332 322
332 324 326
336 330 326 333 337 334
324 333 334 338
338 329 327
339 329 328
341 327 337 331 333
339 329
340 330 336 335 338 332 331
336
338 333 337 342 345 341
335 346
334 340 339
345 344 343
339 345 347 342 348 335
349 339 341 337
344
352 349
351 346 352 339 345 353
354 352 346 345 342 350 344
355 351 348 343 346 341 342
356 345
349 348 352
346
347 354 348 357 359
350 351 352 358 359
351 361 353 357 348
349 357 362 348
362 358 355 353 351 349
350 354 364 352
354 362 353
361 366 363 364 357
358 365 367 354 359 366
0
0
356
0
358 362 368
359 364 360 369 363
369 371 374
370 375 361 363
373 362 374 376
367 374 365 369 372 370
365 376 366 373 370 375
372 368 370 377 378 366
379 376 370 373
373 371 370
378
380 371 383 375 378
383 370
383
383 378
387 385
384 387 388 385
381 376 382 387 378
387
379
384 391 387 379 380 382 385
393 392 380
391
384
395 387 389 391 384
397 388 384 390
389 390 393 397
390 387 397
396 400
398 399 393 389 394 391
0
399 394 401 403 389 400
393 400 396
393 401
405 392 397 406 393 401 404
399 396
404 405
409 396 400 395
398 403 402 399 397
409
400 399 403 407 411 409 398
405 403
405 404 413 412 401 410
412 402 411 408 407 413
0
414 403 405 417 410 408
411 415 404 413
407 409 406
409 411 416
412
415 410 414
422 420 418
413 419 414 411
416 413 425 422 420 421
417 416
0
417 418 416 414 428 420
419 425 424 421 422 428
0
418
430
432 426
420
435 427 430 434 423 428
435 423
0
431 424
436
438 428 426 439
427 440 437 433
437 440 428
436 439 434 433
440 443 437 442
445 442 435
439 432 442 433 445 444
0
448 446 441 440 445 439 437
439 441 449
442 436
439 448 447 441 437
444 448 450 447 442
0
447
444
442 449
454
447
459 458 449 448 445 454
448 460 459 457
461 456 449 450 457
453 460 448 450 452 451 455
461 459 451
463 450 462 459 453 454
460 452 463
458
465 464 453 460 466 454
458
466 468 465 462 469 456 461
0
468
0
465 469 468 466 460
470
0
465 468 469 466 475
465 469 476 472 468 470
475 464 470
470 465 467 466 477 471
475 467
472 480 468 469 471
469 473
471 479 469 475
471 484 477 474 470
484 478 477
481 474 477 479
477 475 479 485 487 483
479 474 485 481 486 476 478
481 489 486 487 477 476 488
478 490 489 486 479 483 488
0
487 480 491 489 490 479
489 481 484 479
485 484
492 484 488 490 481
0
490 485
484 490 496 486 498 495
491 496 485 487 495 492 499
0
489 490 494 501
493 491 488 490 494 492
498 501 500 494 495 503
499 501 500 495 496 503
505 493 500
504 496 501 494 506 498
504 507
507 503 499 506 505
502 508 499 505
502 505
497 501 499 506 502 508 511
498 508 503 507 500 510
509 505 500 508 511
506 513 511 510 509 514
510
503
0
514 507
517
507 508 520 515 516 518
520 517 518
521 511
511
514 516 521 520 512 519
521 520 514
514 524
527 524 520
519
520 529 521 518 516 517
516 523 518 527 520 525
529 522 531 523
532 530 524 520
0
524 529
528 523
527 522
535 536 527 537 533 532
526
525 528 537 534 538 527
538 535 533 539 536 531
531 537 529 541 530 527 538
0
531 540 532 529 538 543
539 537 534 544 541 536
544 538 532 545 531 536
534
539 544 547 538
538 541 536 537
546 547 537 544
548 538 537
543 541 540 542 538 548
548 549 542
552 548
546 541 553 554 552 551
542 545 550 544 547
547
0
549 548
550 551 552
560 547 550 557 556
551
550 562 561 558 557
551 563 555 554 558
559 562 556 557 554 561
563 564 551 562
565 557
556 553 558 565 563 555 554
560 558 559
0
566 565 558 556 561 562
571 570 563 559
0
570 559 560 566 565 571
0
575 566 562
566 574 575
569 576 566
573
572 577 578 574 570 575
568
576
577 569 570
576 581 574
584
574 582 583 581 580
585 582 577 572
586 580 585 587
581 588 584
581 585 588 582 579 575
581 589 588 579
587 584 582
582 587 578 590 589 588 580
593 588 591 579 583
591 583 590 589 594
582 583 593
0
594 595 588 584 587
590 587 596 594
597
587 588
0
599 593
594 599 601 591 592 589
597
594 597 593 592 591 604
592 605 606 599 601 596 598
595
605
602 601 598
605 601 596 609
602 610 603 608 597 609
612 603 611 609 598
599 611 602 600 606 601 604
610 607 604 601 611
602 601 611 603 613 615
615 606 604 603
608 616 617
609 611
618 607 610 606 619 614
619
612 609 621 607 617
622 610 609 611 612 614 615
614
617 622 611
621
613 622 612
0
0
625 619 616 628
627
631 629 619 621
0
622 629 625
624 625 620 631 629 622
633 623 626 632 631
0
632
634 626 625 633 635 630
638
628 632 638 626 630 627 635
0
638 640 642 634 641 635 630
631
632 639 635 633
0
645 636
644 633
644 647 634 636 638 639
642
642
648 638 641
639
0
641 654 647 640 645
648 645 644
652 649 642 643
647 656 649 646 654 645 650
0
646
649
0
651 659 652 653 648 657 650
653 654 650 649
663 659 652 655 656 653 662
655 661 651 653 656 654 664
0
667 660 662 659 663 666 665
663 664
660 665 656
670 667 665 662
659
667 662
668 665
0
675
673
673 668 674 667 676
677 668 676 671 664 675
677 669 665 674
669 671 672 679 675 677 668
677 669 667 671
681 673 677 680 671 675 678
681 682 672 680
680 679 674 676 677
684 685 682 677 673 678
686 675 684 673 683 672
686 675 674 673 678
683 678 684 685 674
682 684
682 683 681 686 687 676
688
689 685 679 691 687 688
690
692 681 680 683
682 688
0
0
698 685 684 697 686
0
698
0
692 690 702 701
701 702 691 692 696 693
703
0
703
699 704 696
695 705 700 696
701 702 704
697 702 707
701 703 709
703 704 709
0
711 712 714 703 704 700
714 715 702 706 707
711 712 706 714 716 704
705 706 703
706 714 705 716 718 715
719 707 715 718 711
712 706 716
710 721 711 716
719 713 721 708 711 722 714
718 715 710 723
720
714 722 725 711 715 716
719
722 720 726 727 724 717
715 726 721 714
717 729
725
724 717
721 732
723 732
732
721
734 735 729
0
730
736 731 727 730 729
732 735 729 740 733
727 741 730 733 732
731 730 741 742
740 736 741
739 744 733 743
0
744
742 735 734 740
741 745 735 736 746
737 747 736 744 741 735 745
746 749
748 747 744
747 743 745 752
740 743 742 739 752
754 740 753
753 742 748 741 747
0
743
758 749 747 756 744 754 751
0
755 758
0
0
0
759 756 752 750
751 755
765 763
756 765 757 755 767
757
769 757 760 768 759
763 769
771 760 757
0
759 760
772
768 766 774 770
771 767 762 763
777 776 768 773 764
766 771 768 770 778 767
777 769 768 765
772 771 775 766
0
782 780 779
773 779 783 776 775
784 779 772 776 771
771 780
782 773 784 774
0
779 785 780 787 781
787 777
778 783 777
779 780 781
0
786 782 785 780 789 790 793
793 791 782 781
784 782
794 793 786 783
0
787 791 796
791 794 785 788 787 796
790 799 792 800 796 798
797
799 802 791 800 790 801 798
0
800 795 797 791
796 801
805 803 801 804 806 795
799 793
808 805 798
799 807 797 796
800 803 801 807 806 798
799 798 809 801
805 807
801 809 806 805 812
800 810 802 814
805 806 802 808 812 807 804
803 814 815 807 805 813
807 809 812 804 817
815 814 817 805 810
805 807
808 806 818
821 817 813 814 819 807 818
819 814 813 820 812
820 821 813 822
810 821 816 812 815
825 820
825
813
0
815 824 829 828
829 826 827 820 830 819
831 821 826 817 822 820
831 830 828 825
819 820 833 831 822
824 822 827 826 831
830 825 828 821 835 822 831
825 835 822 832 826 827
837 828 827 833 830
0
836 825 835 831 834 837
839 833 829 830
829 840 831 830
828 829
831 832 843 830 833
831 843 841
843 838
836
834 833 835 836 845 844 840
840 839 834
844 837 842
836 849 841 837
839 837 848
843 840 850 849
849 843 850 839 840 841
842 846 852 845
844 854 841 855
856 846
843 855 850
847 858
858 849 854 856 851
860 848 852 849 857
861 856 850 849 848 851
854 858 859 850 849 860
849 855 856 863 851 862
863 854 860 862
853 864
863 852 866 857 854 865
858 857 867
855
861 859
866 862 870 858 867 865
857 870 861 869
858 872 869 865
0
865 864 873
870
866 871 875 862
863 875 865 867 870
874 877
878 870 874 867
878 871 869 867
874 870 867
880 882 879 873 875 878
878 873 881
874 876 873
0
878
0
0
0
887 878 889 883 881 886
0
891 881 880 878 885 890 884
885 890 889 884 882 879 883
889 884 891 880 886 885
895 884 881 890 893
0
885 883 886
895 887 885 889 886
0
887 897
887 893 894
895
0
897 904 892
897 901 902 895 896 894
901 902 906 904 903
0
896 907 900 903 898 906
901
910 899 908 900 905
898 899 900 909 906 907
900 904 907 912 901 898
904 902 911
912 906 913 903 910 911
903 911 901 914 905
904 903 916 905 911 907
0
915 907
908
910 920
921 914
909 921 919 913
916 912 918 911 921 915
912 917 922 910 921
913 917 920 923 918
924 923 914 913 912 915
918 926 923 927 913 920
923 921 918 919 917
918 926 927 929 919 922
922 923 929 927 920 919
926 929 921 923 920
928 919 923
933 931 930 922
920 925
928 927 924 921 931 935
0
935 932
0
925 929 937
939 926
936
933
930
931 942 930 941 935 943 940
945
946 945
946 935 938 944
948 935 946 945
940 947
948 936 945 946 943 941
949 941 944 947 939 940 938
938 949
0
950 945 946 940
0
955 954 956 947
0
0
0
958 956
953 956 948 951
955 961 960 951 953 952
963 956 949 953 960 959 952
959 950 964 963 961 962 954
955 963 960
952 953 962 956 965 961 966
0
959 960 956 966 968
962 955 956
961 962 959 957 956
0
969
962
0
974 964 962 968
962 963
970 973 974
967 973 975
969 965 977 967
969 968 966 979 970 972
974 967
968 979 972 970 969
0
0
982 976 977 983 973
983 981 974 978
980 983 976 979
981 975 984
977 984 987 982
988 987 990
980 987 982 990 988 981 991
0
988 989 993 985 991 980
0
0
992 987 982
993
993 997 988 987 995 998
0
996 992 989 1000 987 993 999
989 988 991 992 997
990 1001 995 998 994 989 991
0
999 996
998 1001 1002
1004 992 997 1001 1006 1005
996 1002
998 1008
1004 995 999 998 1007
997
0
0
1010 999 1008 1002 1013 1005 1000
0
1001 1007 1003 1008 1004
1011 1002 1007
1015 1017
1005 1011 1008
1017 1009 1019 1006 1012
1013 1015 1020 1018 1017 1008
1012
1019 1009 1017 1012 1011
1014 1012 1018 1015 1020
1022 1023 1012 1019
1017 1014 1023 1020 1013
1016 1021 1026 1018
1026 1025
1026 1017 1018
1028 1019 1016 1027
0
1029 1019
1032 1025 1028 1030 1019 1020
1020 1028
1024 1033 1022 1027
0
1028 1022 1025
1029 1032 1035 1023 1028 1024
1027 1028 1026 1025 1036
1027 1026 1036 1038 1028 1032 1031
1030 1040
0
1035 1032 1030
1030 1029 1034 1038 1035 1036
1032 1044 1043 1035 1039 1031 1042
1031
1037 1046 1033 1038 1044 1042 1045
1037 1036 1033 1045 1035
1036 1040 1048 1047
1045 1040 1036 1042
1040 1036 1037
1041 1046 1037 1044
1044 1052 1051 1040
1052
1047 1045 1044
1042 1047 1046 1041
1054 1052 1055
1056 1053 1049 1054 1045 1044
1053 1046 1047
1058 1050 1055 1056 1051 1059 1052
1046 1050
1047 1053 1049
1062 1052 1054 1058 1049 1053
1052 1056
1056 1050
1056 1063 1064 1060
0
1066 1055
1066
0
1063 1060
1070 1059
1059 1069 1061 1071 1068
1068 1065
1060 1074 1073 1062
1073 1065 1071
1069 1068 1065 1075
1073
1065 1066 1071 1069 1078 1068 1074
1075 1066 1070 1071 1067 1079 1065
1072 1068 1080 1076
1071 1081
1071 1082 1077
1069 1074 1081 1070 1072
1076 1072 1083 1075
1074 1075 1076 1082
1074
1086 1079 1087 1082
1086 1075 1087 1084 1081
1085 1082 1077 1089
0
1082 1084
1088
1080
1087 1084 1089 1081
1090 1084 1082 1093 1083 1094
1091 1088
1085 1096 1093 1083 1087 1095
1094 1086 1085 1097
1086 1090 1087 1085 1097
1092 1099 1096
1097
0
0
1104 1095 1100 1103 1099
1091 1094 1105 1101 1103
1105 1097
1096 1100 1105 1106 1107 1099 1093
1104 1106 1094 1108
1101 1100 1098
1099 1103 1102 1097 1098 1110
1098 1097
1111 1103 1105 1109 1110 1108
1099 1105 1102
1111 1109 1110 1100 1114
1103 1111 1106 1115 1112 1114
1112 1108
1114 1103 1110 1116 1105
1114 1105 1113 1106 1110 1118
0
0
1118 1112 1107 1121 1113 1111
1122 1108 1120 1121
1111
1119 1123 1122 1115
1115 1124 1120 1123 1116
1121
1124 1125 1122
1126 1117 1127 1125
1124 1121
1125 1120 1130 1119 1127
1123 1131
1122 1123 1120 1132 1124
1119 1126 1124
1133 1122 1125
1134 1124 1130 1127
1132 1133 1126 1123
1134 1124 1137 1123
1125
1138 1137 1125 1132 1139 1134
1132 1131 1130 1140
1136 1138 1133
1141 1128 1139 1131 1137
1140 1136
1141 1132 1134 1133 1143 1144
1144
0
1137 1134 1136 1133 1138 1147
1144 1147 1141 1135 1139 1136
1139
1149
0
1143 1149 1148 1147 1138 1140
0
1142 1151 1140 1154 1144 1150 1146
1144
1147 1151 1144 1154 1155 1149
1148 1144 1154
0
0
1152 1151 1153 1160
1152 1160 1153 1156 1154
1159 1148 1149
1159 1163 1158 1152 1151 1162
1151
1163 1158 1161 1164 1155 1162 1151
1155 1165 1152 1154 1161 1164 1166
1159 1156 1160 1155 1165 1158 1164
1154 1168
1162
1170 1157 1167 1162
1158 1163 1164 1157 1162 1168
1164 1162 1170 1160 1159
1164 1161 1160 1165 1171
0
1161 1174 1165 1166
1164 1162 1176 1171 1168
1172 1167 1166 1174
1171 1176 1166 1169 1165 1164 1167
1168 1171
1178 1179 1169 1180 1167
1167 1170 1169 1180 1173 1177
0
1171 1172 1175
1179 1182 1175 1171
1171 1177 1181 1180 1184
1183
1174 1175
1186 1176 1180 1184 1183
1186 1185 1189 1178 1179 1180
1181 1179 1182
1187 1180
1180
0
1182 1194 1180 1192
0
1186 1196 1194 1187 1188 1184
1185 1188 1186 1197 1184 1189 1187
1187 1189 1196 1188
1194
1198 1200 1188 1187
1201 1191 1187
1194 1202 1192 1188 1201 1195 1190
1195 1202 1203 1189 1193
1199 1190 1204 1200 1203 1196 1202
1195 1201 1197
1199 1197 1198 1203
1194 1193 1196
1197 1206 1196
0
1210 1207 1200 1201
1208 1209 1210
1199 1200 1212 1209
1201 1213 1211
1214
1208 1212 1215
1203 1211
0
1218 1208
1212 1208 1209 1219 1215
1217 1207 1210 1216 1213
1214
1221 1220 1214 1211 1208 1209
1214 1213 1211 1219 1216
1219 1214 1223 1224 1215 1210
0
1215 1224 1219 1221 1225 1213
1224 1226 1213 1223 1219
1220 1228
1227 1222 1221 1226
1220 1226 1225 1229 1218 1227
1229 1223 1218 1224 1221
1218 1222 1230 1221 1224 1220 1225
1226 1230 1233
1230 1225 1226 1220 1229 1232
0
1234 1223
1235 1227 1236
1229
1237 1228
1231 1235 1233 1229 1227 1232
1234 1229 1239 1236 1230 1238 1231
1229 1237 1228 1242
1235 1234
1233
1242 1240 1234 1238 1231 1236
1238 1244 1236 1237 1232
1240 1233
1240
1249 1246 1235
1246 1239 1245 1236 1237 1250
0
1251 1248 1244 1247 1241 1238 1240
1251 1250 1241 1240 1239 1244
1246 1252 1247 1240 1244
1246 1248 1247
1252 1247 1255
1243 1244 1253 1257
1256 1246 1247
1259
1260 1247 1250 1259 1253
1250 1260
1250 1251
1260 1252 1249 1262
1251 1260 1262 1254 1252 1253
1261 1262 1263
1264 1266 1256
1262 1253
1266 1264 1263 1258 1257 1261
1257 1261
1266 1257 1259 1260 1267 1263 1261
1269 1268 1270 1261 1263 1266 1262
1271 1263
1263 1260 1265 1266 1268 1273
1261 1272 1262 1260 1265 1266
0
1274
1266 1267 1270
0
1279 1270 1267
1266 1278 1275 1279 1271 1280 1268
1278 1271 1273 1269 1268 1277 1279
1274 1282 1269
1280 1271 1278 1283
1272 1283 1271 1274 1270 1280
1284 1281
0
0
1283 1281 1288 1285
0
1277
1288 1289 1280 1282 1286
1288 1290 1278 1291 1281
1281 1293 1284 1285 1279 1292
0
1284 1293 1286 1287 1281
1295 1289
1284 1283 1293 1297
1298 1294 1286
1296 1299 1287 1291 1292 1289
1287 1290 1292 1291 1293 1298
1296 1298 1299 1294 1293 1289
1301 1293 1288 1297 1302 1294 1295
1291
1290 1301 1304 1291 1292
1297 1296 1291 1294 1302 1295
1298 1292 1296
1294 1300 1306 1302 1304 1297
1294 1305 1301 1307 1303
1302 1308 1298 1297 1307
1302 1305 1306
1306
1305 1312 1299
1311 1300 1301
1303 1307 1306 1300 1309 1305
1303 1307
1307
1310 1303 1304
1318 1316 1305 1310 1313 1314
1310 1317 1306 1307 1314 1319
1312 1313 1320
1314 1321
1313 1312 1315 1318 1310
1319 1318 1311 1313 1323
1312 1310 1321
1325 1312 1315 1322 1313
1322 1314 1326 1324
1327 1315 1317 1319 1320 1323
1324 1326 1316
1324 1326 1318 1316
1319 1316 1330 1320 1327
1330 1317 1321 1319 1322 1329 1318
1329 1327
1330 1332 1319 1320 1321 1325
0
1327 1334 1321 1324
1327
0
1326 1329 1337 1336
1326 1330 1339 1338
0
1331 1327 1338 1328
1334
1338
1333 1341 1330 1337 1339 1332 1340
0
1339 1337 1336
0
1343 1347
1347 1335 1348 1341 1346 1337
1338 1349 1342 1339 1341 1343
1343 1347 1339 1349 1338 1337
1342 1344
1348 1350 1343 1349 1339
1346 1349 1351 1340 1347 1353 1341
1353 1347 1351
1344 1348 1349 1356
1353 1354 1350 1352
1346 1347 1348 1350 1345 1358
1359 1357 1355 1346
1348 1352 1347
1356 1357 1353 1361
1349 1357 1359 1350 1354
1361
1361
1357 1361
1363 1365 1354 1358
1362
1364 1359 1354 1356
1357 1365 1368 1366
0
0
1358
1368 1373
1364
1373
1362 1372 1367
1374
1366 1375 1374
1376
0
1379 1368
1370 1378 1369 1379
1379 1371 1374 1375 1373 1376 1381
1371 1382
1376
1383 1377 1376 1379 1374 1373
1376 1385 1373 1375 1374 1378 1386
1381 1387 1378
1377 1382 1384
1389 1388 1387 1380
1380 1391 1379 1387 1378 1386
1380 1382 1387 1391 1390 1379 1392
1391 1382
1387 1386 1393 1391
1395
1387
1390 1394 1392
1391 1385 1386
1397 1386 1389
1395 1400
1401 1394 1389 1396 1392
1397 1392 1388 1400 1390 1398
1398 1395 1394
1393 1401 1402 1395 1404
1397 1405 1391 1402 1393
1398
0
1407 1404
1406 1404 1402 1395 1409 1396
1402 1403
1410
1403 1401 1411 1407 1410
1399 1408 1404 1402 1413
1405 1406 1410 1412 1409 1411
1403 1405 1401 1411 1413 1415
0
1409 1406 1416
1414 1416 1408
1405 1407 1414 1418 1411
1409 1413 1420 1412 1418
1411 1416 1417 1414 1407 1412
1421
1418 1415 1413
1416 1415 1412 1414 1423
1412 1423 1422 1425 1417 1414
0
1413 1420 1416 1427 1422 1417
1414 1427 1425 1415 1423 1421
0
1426 1416 1428 1429 1422 1430 1417
1429
1432 1420 1425 1427 1421 1418
1421 1424 1423
1432 1433
0
1435 1432 1428 1424
1435 1425 1428 1430 1423 1427 1424
1434 1437 1429 1438 1435
1434
1432 1438
0
1434 1432
1439 1434 1430 1436 1440
1442 1433 1436 1439
1435 1431 1445 1436 1441
1433 1437
1444 1445 1440 1434 1443
0
1435 1444
1449 1440 1439 1441 1448 1446
1441 1442 1439 1440
1445
1448 1440 1449 1443 1445
0
1448 1444 1452 1446
0
1446
1448 1446 1451 1458
1447 1448 1455 1457 1454 1449
1448 1457 1455 1458 1451
1457 1458 1447 1459 1448 1460 1461
1448 1457 1458 1455 1462 1461
1452 1450 1454
1450 1456 1453 1455 1463
1458 1464 1455 1463 1465
0
1454 1466 1462
1460 1466 1467 1464 1461
1462 1467 1459 1455 1457
1459 1469 1468 1457
1462
0
1464 1460 1470 1459
1466
0
1468 1476 1463
1474 1470 1466 1468 1475
1475 1474 1464 1478 1467
0
1470 1467 1471 1472 1480 1479
1471 1470 1472 1477 1479
1470 1471 1468 1475 1469
0
1481 1484 1476 1477 1471
1477 1482
1477 1481
1476 1473 1485 1487 1486
1474 1478 1486 1475 1480
1488 1489 1482
0
0
1487 1489 1481 1483 1488
1490 1485 1492 1493
1492
0
0
1485
1497 1490 1495 1489
0
1498 1487
1499 1494 1500
1490
0
1501 1503 1495 1500
1502 1494
1503 1498 1506 1502 1501 1494
1495 1496 1494 1503 1505 1497
1506 1503 1497 1498 1499 1501 1504
1506
1498 1499 1502 1507 1497 1510
1502 1499 1504
1511 1498 1505
1513 1501 1499 1502 1506 1503
1503 1511 1506 1500 1514
1512 1511 1503 1514
1507 1514 1515 1503
1507 1506 1504 1512 1516 1505
1513 1508 1515 1517 1509 1511
1515 1508 1514
1516 1519 1509 1508 1518
1509 1521 1510 1507 1518 1512
1518 1509 1519 1508 1514 1522 1521
1522 1518 1514
1522 1511 1515 1510
1511 1514 1520 1523 1516
1514
1513 1520 1518 1525
1519 1527 1517
1517 1528 1518 1524 1520 1519
1526 1516 1523 1525 1527
1519
1530 1519 1529 1518 1523 1520 1522
1529 1528 1519 1532 1531 1520
0
1534 1532 1521 1530 1523 1522 1533
1526 1532 1525 1531 1528 1524 1534
1536 1537 1524 1529 1526 1530 1527
1526 1531 1537 1524
1528 1531 1536 1527 1539
1532 1527 1535 1529 1533
1527
1542 1537 1531 1532 1539
1534
0
1538 1531 1540 1545
1535 1543 1541
1538 1540 1535 1542
1538 1535 1534
1545 1539
1539 1548 1538
1543 1537 1549 1539 1546 1538 1541
1540 1548
1553 1539
1553 1545 1552 1554 1541 1542
1545 1550 1547 1548
0
1548 1554
1544
0
1547 1560 1555 1557 1556
1550 1553 1556 1549 1559
1560 1561 1554
1560 1554 1563 1555 1562 1556 1549
1551 1553 1555 1556
1556 1557 1562 1561 1560
1554 1553 1559
1556 1562
1567 1560
1555 1558 1565 1560 1568 1566 1562
1562 1557
1564 1571 1566 1558 1559 1562 1567
1567 1565 1561 1563 1564
1559 1571
0
1575 1572 1564 1563 1561 1568 1567
1567
1574 1577 1565
1571 1569 1564 1567
1569 1577 1571 1579
1578 1577 1575 1568 1580
0
1575 1578 1574 1579 1569 1573
1571 1574 1572 1579 1570 1578
1579 1576
1576
0
1574 1587 1578 1585 1580
1580 1581 1577 1583 1584 1578 1576
1588
1582 1578 1579 1583
0
1589 1583 1584
1582 1591 1584 1592
1584
1587 1588
1586 1583 1593 1592 1591 1584
1596 1583
1588 1585 1594 1586
1588 1592 1590 1595 1596 1586
1598 1588 1596
1596 1594 1587 1597 1590
1590 1594 1592 1588 1601
1595
0
1592 1598
1599 1601 1594
1595
1598
0
1605 1603
1608
1607 1599 1603 1611
0
1606 1607
1602 1611 1615 1614 1605 1608
1602 1614 1606 1603 1616 1605 1607
1617
0
1611
1611 1606
1612 1616
0
1619 1622 1620 1623 1612 1621 1615
1611
1617
1618 1621 1616 1626 1619 1613
1623
1623 1615 1619 1628 1626 1617
1624 1617
1623 1619 1618 1629 1627
1617 1622 1629 1623 1631 1621
1622
1628 1626 1623 1630 1620
1625 1634 1632
1627 1634 1625
0
1636
1626 1637 1624
1629 1632 1630 1637
1640 1636 1633 1626 1628
0
1634 1635 1639
1632
1640 1632 1634 1642 1633 1639 1637
0
1641 1642 1644 1643
1638 1644 1646
1641 1645 1648 1646 1634
1635 1646
1646 1643 1647 1640
1648 1637
1647 1638 1651 1639 1645 1648
1646 1650 1645 1640
1643 1647 1653 1651
1651 1653
0
0
1657
1645 1659 1656 1655 1658 1652 1649
0
1661
1661 1649 1654 1657 1651
1663 1659 1654 1655
1660 1659 1662
1656 1652 1653 1661
1658 1657 1656 1666 1653 1652
1655 1663 1665 1659
1667
1669 1655 1662
1657 1662
1658 1664 1667 1670 1663 1657
0
1662 1668 1663 1670 1666 1661 1672
1666 1662 1660
0
1669 1671 1667 1675 1665 1672
0
1673 1677
1668 1667
1669 1673 1680 1668 1678 1675 1676
1677 1676 1672
1671 1674 1681 1680 1669 1677 1678
1675 1679 1683 1673 1680
1675
1677
1674 1683 1681 1675
1674 1682
1676
1685 1677
1676 1690
1688 1690 1678
1690 1687 1682 1679 1685 1678
1682 1679 1683 1692 1690
1694 1690 1685
0
1686 1689 1684 1691 1696 1687
1692 1684 1690 1687 1686
1695 1693 1698 1694
1691 1697 1692 1698
1695 1698 1690 1700
1691 1701 1698 1693 1692 1697 1700
1691 1698 1695 1702 1690
1690 1699
1701 1703 1692 1690 1702 1700 1696
1705 1698 1691 1703 1693
1701 1695
0
1707 1699
1707
1706 1707 1696 1705 1698 1699
1711 1702 1709 1704
0
1702 1705 1699 1704 1701 1713
0
1705 1710 1706
1709 1706 1711 1713
1707
0
1708 1710 1707 1709
1718 1720 1715
1721 1714
1714 1709 1712
1721 1719 1710 1722 1723
1714 1717 1722
1721 1724 1711 1725 1713
1726
1717 1727 1724 1726 1714 1718
1723 1725 1715 1719 1728 1714
1721 1719 1728
1722 1720 1730
1731 1720
1730
1719 1731 1722 1728 1726 1725
1733 1720 1721 1732 1727 1722
1724 1721 1728 1727
1732 1727 1723 1734 1736 1733
1737 1736
1731 1730
1737 1729 1734 1727
1732 1739 1727
1728 1729 1737 1740 1734
1729 1737 1734 1742 1740
1735 1729 1742 1734 1739 1731 1740
0
1736 1735 1740 1741 1745
1738 1737
0
1737 1739 1738 1734
1741 1746 1749 1740 1737
0
1743 1738 1740 1747
1751 1741 1752
1749 1740 1751 1743
1750 1742 1743
1750
1745 1747
1755
1746 1745
1757 1750 1759 1748 1745 1756 1751
1760
1753 1756
1750 1757 1754 1749 1753
0
1764 1757 1760 1762 1759
0
0
1766 1765 1764 1756
1766 1758 1760
1759 1767 1758
1766 1769 1756 1758 1757 1767
1769 1758
1759 1770
1759 1761 1768 1766 1763
1771 1765 1767 1764 1766 1770
1768
1763 1775 1768 1776
1770 1765
0
1766 1770 1772 1767 1778 1774 1769
1776 1773 1775 1767 1779
0
1775 1770 1769 1779 1782 1777 1774
1776 1774 1770 1769 1773 1779 1783
1772 1781 1777 1776 1782 1775
1781 1782 1783
1779 1772 1777 1781 1778
1783 1776 1775 1773 1786
0
1782 1789 1788 1775
0
1789 1779 1780 1786 1778
1785 1787 1782 1781
1782 1783
1782 1785 1793 1784 1783 1781
1783
1784 1792
1796 1788 1785 1786
1791 1789 1790 1794
1790 1797 1789 1794 1796 1799
0
1792 1789 1797 1791
1793 1795 1789 1790 1788
0
1800 1792 1804
1798 1794 1796 1805
1795 1803 1793 1805 1801 1794
0
1808 1795 1806 1800
1799 1795 1805
1800 1803 1796
1807 1799 1810 1808 1811 1804
0
1810
0
1812 1803 1810 1806 1815 1807
1815
1803 1815 1817 1805 1814
1809 1810 1806 1816 1807 1817
1817
1816 1820
1809 1807 1808 1812
1822 1818 1813 1815 1820 1811
1812 1811 1821 1818
1815 1817 1822 1823 1813 1812 1810
1822 1813 1823
1823 1817 1818 1812 1826 1813 1814
1826 1827 1823 1825 1822 1817 1820
1827
1816
1823 1818 1827 1830 1822 1817
1819 1823 1828 1826
1828 1827 1830 1822 1831
0
1833 1831 1829
0
1822 1835 1823
1834 1832 1835
0
1829 1839 1825 1836 1837
1827
1840 1838 1830 1827 1839
1839 1829
1841 1831 1830 1835
1843 1834
1838 1837 1836 1845 1840 1831 1834
1843 1835 1834 1846 1836 1842 1833
0
1841 1848 1845 1837
1839 1849 1842 1845
1838 1847 1850 1842 1840 1839 1841
1839 1842 1847 1849
1851 1850 1843
1844 1851 1848
0
1841 1850
1846 1855 1853 1844 1851 1843
1848 1854 1853 1857 1843 1855
1851 1848 1855
1856 1857
1856 1852
1851 1861
0
1861 1862 1850
0
1852 1858 1862
1864 1861 1854 1866
1854 1853 1865 1857 1866
1860
1868 1855 1866
1868 1859 1857 1858 1860 1863
1868 1871 1861
1859 1861 1870 1871 1867 1862 1865
1862 1871 1859 1864 1863 1860
1870 1865 1872
1868 1875
0
1867 1863
1875 1864 1866 1867 1874 1876 1865
1877 1874 1878 1876 1870 1872 1869
1880 1868 1878
1877 1872
1871
1881 1874 1873 1876 1883 1880
1877 1876 1874 1879 1873 1882
1875 1871 1878 1885 1876 1883
0
1878
1879 1874 1881 1878
1878 1886
1886 1881 1888 1882 1887 1879
1888 1891 1881 1883 1889
1878 1885 1884 1883 1879
1888 1892 1884 1885 1882 1880
1886
1887 1894 1885 1886 1888 1883
0
1886 1892 1896 1884 1883 1888
1895
1898 1889 1887 1894 1885 1886 1888
1900 1888 1895 1892 1898
1896
0
1899
1904 1903 1896
1903 1904 1897 1892 1898 1894 1902
1906
1906 1896 1898 1904 1899 1900
1904 1907
0
1898 1901 1902 1899
0
1900 1912 1907
1901 1902 1910 1912 1913 1899
1909 1910 1903 1901 1911
1908 1906 1905
1904 1911 1912
1906 1908 1913 1915 1917 1916 1903
1907 1906 1916 1908 1904 1918 1914
0
1920 1908 1906 1915
1917 1912 1919 1921
0
1912 1922 1916 1921 1920 1911 1914
1920 1919 1911
1921 1920 1924 1913 1911 1918
1912 1923 1922 1917
0
0
1929 1927
1917 1921 1925
1927 1920
1918
1924
1930 1922 1923 1931
1926 1934
1922 1929 1934 1924
1923 1928 1937
1925 1937
1934 1932 1929 1936 1939
0
0
1930
1943 1942 1930 1940 1939 1932
1931 1935 1943
0
0
1945 1946 1942
1948 1939 1946
1940 1938
1938
1950 1944 1942 1941 1949 1937 1948
1945 1952 1942
1951 1950 1942 1940 1945 1941 1939
1953 1944 1943 1942
1944 1954
0
1950 1945 1944 1948 1952
0
1955
1960 1952 1953 1955 1957 1951
1954 1953 1948 1951
1950 1958 1960 1955
1954 1958 1950 1953 1949
0
1962
1962 1952 1956 1954 1953
1959 1958 1963 1957 1955 1954
1961 1967 1965 1960 1966 1956
1968
1959 1966 1956
1961 1968 1966 1958 1959
1964 1969 1972 1962 1958 1961
1963 1960
1967 1972 1971 1962 1974
1963 1974 1967 1970 1972 1961
1968 1962 1972 1967 1971
1977 1975 1969 1970 1973 1968
1969 1978 1970 1968 1977 1965
1979 1969 1974 1975 1977 1978
1972 1979 1970 1968
1972 1973
0
1978 1980 1975 1972 1974 1976
1973 1981 1982 1972 1975 1971 1984
1982 1983 1973 1981 1977
1985 1982 1972 1978 1984
0
1978 1983
1984 1985 1989
1989 1981 1990 1983 1988 1980 1977
0
1982 1989 1979 1978 1991 1981 1987
1993
1989 1992
1990 1986 1983 1991 1993 1988
1996 1992
1990 1986 1985
1994 1985 1991 1990
1998 1997 1986
0
1989 1992
1994 2001 1993 1997 1998 2000
1991 1999 2003 1996
2004 1997 1999
0
1993 2003 1997 2006 2001
1995 2007
2007 2008 2006 1996 2005
1995 1996 2009 2005 2008
2001 1998 1999 2000
2004 2007 2001 2006 2011 2010
1999
2003 1999 2011 2013
2004 2011 2010 2013 2009 2001
0
2009 2015 2003 2016
2003 2014
2017
0
2019 2013 2011
2018 2017 2009 2014
2010 2017
2015 2013
2020 2017
2025 2014 2020 2021 2012
2012 2014 2013 2025 2023
2027 2023 2026 2013 2018
2017 2027
2015 2029 2017
2028 2027 2021
2024
2027 2025 2024 2021 2022
0
2024 2021 2029 2022
0
2034 2026 2023 2025
2028 2026 2027 2030 2024 2036 2033
2035 2031
2030 2029 2027 2038
2035 2029 2030 2037 2031 2027
2036 2041 2039 2028 2033
2034 2032
2042 2031 2041 2038 2030 2035 2033
2031 2030 2037 2042 2041 2032
0
2035 2036 2033 2039 2045 2044
0
2035 2041
0
0
2038 2042 2049 2040
2047 2042 2040 2045 2039 2038
2051 2043 2046 2039 2044
2053 2040
0
2045 2044 2055 2042 2056
2044 2045 2049
2048 2047 2056 2049 2054 2044
0
2053 2048
0
2053 2048 2049
2060
2056 2053 2057
2060 2057
0
2054 2063 2062 2060
0
2064 2065 2055 2066 2067 2061 2062
0
2066 2059 2069
2065 2068 2061 2060 2063 2059 2062
2060
2066 2069 2073 2064 2061
2067 2061 2062 2071 2073 2070
2064 2071
2077 2065 2064 2070 2076 2069 2066
2071 2073 2069 2077
2079 2070 2068 2066
2068 2080 2069 2078
0
2077 2073 2068 2070 2075 2079 2080
0
2072
2081 2072 2084 2078 2076
2072 2082 2083 2079 2084 2077
2078 2074 2084 2075 2080 2083
2078 2083 2084 2081 2076 2075 2077
2077 2078 2079 2075
2082 2080
2091 2078 2090 2088
2085 2079 2084
2079 2092
2089 2085 2082
2087 2081 2085 2095 2088 2094
2084 2087 2091 2086 2095 2089 2094
2090 2095
2084 2098 2094 2085 2093
2095 2094 2090 2099 2091 2087
2099 2092 2086 2096
2101
2098 2101 2094 2091
2090
2090 2103 2100 2104 2097 2095 2092
2093
2105 2097 2101 2098 2106 2094
2095
2097 2099 2103 2096 2106 2098
2097 2109 2095 2096
2102 2105 2107 2108 2109 2110
2107
2100 2110 2107
2106 2105 2113 2103 2110 2101 2108
2109 2113
2113 2104
2116 2109 2112 2105 2114
2114 2116 2115 2103
2115 2104 2111
0
2116 2111 2120 2115 2108
2110 2113 2116 2114
2118
2122
2123
2111 2117 2114 2124 2123
2119 2115 2125 2114 2118
2127 2115 2113
2121 2124 2127
0
2126 2116
0
2125 2129
2131 2120 2132 2119 2125
0
2130 2134 2133 2125
2136 2135 2126 2127
2128 2132
2133 2127 2137
2128
2135
2130 2129 2139 2136 2141 2131 2133
2134 2132
0
2142 2137 2141 2144 2134 2130
2138 2145 2144 2141
2139 2142 2138 2143 2146 2137 2144
2139 2147 2138 2133 2146 2136 2135
2138 2137 2139
2137 2146
2147 2141 2137 2143 2146 2142 2145
2140 2137 2147
2144 2145
2148 2140 2143 2153
2142 2144
0
2147
0
2146 2155 2148 2147
2154 2147 2156 2152 2157
2155
2147 2149 2150
0
2152 2150 2159 2153 2162 2155
2154 2160
2160
2155 2162
0
2157 2159 2156 2165 2155
2157
2158 2160
0
2165 2170 2163 2172 2168 2161 2158
2170 2164 2168 2166 2173 2160 2162
2163
2167 2162 2170 2163
2164 2166 2169 2168 2165
2165 2169 2163 2167 2170
2165 2164 2167 2175 2170
2166 2179
2173 2178 2167 2170 2171
2174 2179 2170 2173 2181 2172
2180
0
2171
2171 2183 2174 2182 2178
2181 2174 2172 2178
2178 2186 2174 2180 2177 2175
2175
2180 2182 2179 2178 2188 2189
2179 2182 2187 2176 2177 2188
2188 2184 2182 2178 2177
0
2189 2188
2184 2187 2192 2180
2181 2183
2183 2194 2196 2188 2192 2189 2195
2196 2193
2191 2193 2185 2189 2195 2194
0
2196 2191
2187 2200
2197
2190 2203
2194 2199 2196 2190 2201
2192 2204
2196 2204 2193 2202
2206 2194 2200 2197
2199 2205 2203 2204
2204 2198 2200 2201 2195 2196 2199
2208
2202 2208 2199 2207 2210
2200 2202 2209 2198
2211 2200 2210
2214 2209
2205 2214 2207
2205 2216 2208 2206 2213 2203
2209 2208
2211
2210 2219 2216
2209 2207 2215 2206
2212 2220 2207 2210
2214 2209 2212 2217 2208 2221 2218
2214 2223 2210 2209 2212 2220 2213
2213 2223 2217 2216
2223 2221
2219 2218 2224 2213
2219 2222 2227 2224 2218
2228 2225 2217 2226 2219 2227 2221
2217 2227 2224 2218 2228 2216
0
2227 2229 2220 2217 2221
2231 2218 2223 2221 2230
2219 2221 2222 2223 2233 2226 2230
2229 2223
2235 2231
2232 2227
2223 2236
2234 2233 2237 2231 2226 2238
2228 2229 2231 2236
0
0
2230 2237
2242 2236
2242 2230 2239 2236 2243
0
2234 2235 2238 2239
2243 2238 2234 2235
0
0
0
2239 2243
2251 2248 2244
2245
2252 2243
2254 2244 2248 2251
2252 2246
2249 2252 2243 2257 2245
2245 2248 2257 2258 2254
2257 2249 2245 2251
2246
0
2255 2249 2254 2248
2251 2253 2256
2252 2254
0
0
2253
0
0
2260 2261 2269 2267 2259
2262 2263 2271 2264 2257 2260 2269
2260 2270 2265 2259 2269 2268
2264 2271 2270
2260 2271
2270 2272 2267
2263 2275 2265
2277 2265 2272 2273 2266 2275
2275 2267 2266
0
2267 2275 2273 2278 2266 2277
2274 2277 2268 2276 2271 2273 2270
2272 2277 2281
2272 2273 2275 2271
0
2282 2271
2281 2285 2286
2280
2284
2279 2287 2285 2281
2276 2286 2288
2277 2281
2281
2284
2280 2294 2285 2286 2283 2290
2287 2294
2285 2283 2294 2296
2283 2289 2284 2290 2285 2287
2289
2289 2299 2295 2294 2292 2297
2290 2293
0
2291 2290
2290 2299 2289 2300 2294
2303 2290
2303 2294 2296 2295 2302 2291
2299 2296 2295 2304
2298 2296
2303 2297 2304 2301 2305
2298 2304 2297
0
2298 2302 2300
2307 2300
2310 2305
2309 2306 2312 2311
2308 2307 2301 2304 2306
0
2306 2309 2314
2308 2304 2309 2315 2314
2305 2319 2307 2309
2310 2317 2320 2319 2315
2307 2309 2316
2317 2309
2322 2320
2320 2324 2315
2311 2324 2314 2316
2318 2319 2321
2322 2320 2323 2313 2317 2325
2321 2318 2316 2323 2324 2325
2319 2320 2322 2318 2326 2317
2326
2327 2321 2317 2323 2330
2325 2329 2324
2323 2333 2325 2321
2334 2330 2327 2329
2328 2323 2325
2335 2328 2326
2333 2323
2330 2331
2330 2335 2337 2327 2338 2336
2338 2326 2336
0
2335 2340 2331 2328 2334
2342 2334 2343 2332
2340 2341 2330 2337 2332
2336 2340 2338
2343 2339 2344 2341 2335 2336
2337 2347 2334 2342
2346 2338 2336 2337
2336 2337 2346 2342 2340
2340 2348 2347
2339 2350 2343 2351 2349 2348
2340 2341 2344 2342 2339 2348 2350
2348 2340 2350 2349 2346 2341 2345
2345
2353 2352 2343 2354 2344
2348 2354 2342 2355
2348 2350 2343
2350 2348
2354 2347 2356 2359 2355
2353
2348 2347 2359 2360
2358 2355 2359 2354
2358
2360 2353 2350 2362 2352
0
2352 2365 2353 2361 2363
2358 2354
2366
2360 2359 2355 2358 2362 2364
2362 2363 2370 2360 2369 2361
2359 2371 2369 2368
2365 2363 2361
2362 2365 2366 2371
2365 2366
2368 2375 2362 2361
2369 2372 2374
2373 2377
2376 2368 2378 2366 2373 2367 2377
0
2367 2371 2375 2373
2379 2377 2368
2382 2377 2373
2371 2376 2375 2379
2372 2382 2375 2370 2381 2377
2378 2383 2381 2373 2377
2375 2382 2385
2376 2379
2375 2376 2381 2386 2379 2374 2383
2378
2381 2390 2380 2377 2382 2379
0
2391 2383 2390 2388 2378 2385
2392 2383 2382 2380
2384 2394
2384 2393
2383 2394
2384
2398 2389 2391 2394 2395
2385 2399 2386 2389
2390 2388 2387 2392 2399
2388 2392 2396 2398 2400 2387
2394 2402
2402 2396 2390 2393 2391
2397 2400
2395 2393 2403 2391
2406 2405 2396
2393 2395
2395 2408 2397 2407 2405 2398
2397 2395 2406
2408 2401 2400
2398 2402
0
2403 2400
2406
2412 2413 2404
2408 2404 2402 2413 2415
2412 2405 2404
0
2419 2408 2409 2416 2417
2417 2406 2413 2420 2416
0
2408
2422 2412 2415 2418 2420 2419
2419
2425 2416 2423 2418 2415 2422
2415 2418
0
0
2424 2422 2428 2416 2426 2415
2428 2422
2418 2427 2419 2422
2422 2430 2431 2424 2419 2427 2418
2424 2423 2422 2426 2430 2428
2425 2423
2427 2428 2435 2430 2431 2433
2425 2428 2429 2433 2422
2434 2428
0
2429 2439 2436 2425
2438 2433 2435 2432
2437 2434 2427 2438 2430
2442 2430
2439 2441 2436
2431 2443 2435
2437 2436
2445 2434
2444 2442 2445 2447 2443 2435 2438
2443 2446 2448 2444 2435 2440
2442 2439 2440 2445 2444 2446
2438 2443
2442 2441 2438 2444
2445 2438 2442
2443
2451 2446 2441 2450
2446 2453 2448
2443 2446 2455 2453 2451 2444
2452 2457 2443
2457 2453 2448 2451
2451 2459 2458
2456 2450 2448 2446 2452 2460
0
0
2450 2452 2451 2449 2459 2461
2463 2456
2465 2456 2461 2455
0
2465 2458 2464 2453
2464
2465 2466 2455 2468
2469 2457 2470 2467
2469 2462 2461 2468 2458 2471
2467 2463
2465 2468
0
2463
2471 2474 2472 2467 2464 2463
2475 2469 2466
2467 2473 2476 2466 2464 2468 2465
2477 2478 2468 2465
2478 2480 2470
2481 2473 2480 2469 2478 2467
2473
2471 2478
2476 2473 2479 2472 2475 2470
2484 2474 2483
2485 2481 2479 2477
2479 2476 2473
2477 2485 2476 2488 2483 2481
2489
2488 2483
2486 2489 2483 2480 2490 2478
2479 2480 2478 2490
2486 2483 2490
2485 2482 2486
2484
2482 2496 2485 2489 2487 2493
2494 2488 2490
2497 2486 2485 2491 2495 2494 2490
2486 2488 2497
2492 2486 2487 2488 2500 2490 2496
2499 2496
2492 2498
2502 2491 2493
2503
2505 2501 2493 2491
2493 2499 2502 2496 2497 2494
2493 2502 2500 2497 2503
2503 2506 2496 2508
2502 2500 2495 2504
2503 2498 2509 2496 2497 2501
0
0
2508 2510 2506 2501 2503 2509 2505
2503 2500 2507 2510
2514 2505 2501 2502
2505 2509 2504 2515 2508 2512 2513
2503 2515 2505
0
2515
2513 2512 2518 2516 2515 2507
0
2513 2510 2512
2509 2523 2510 2512
2517
2511
2519 2518 2517
2520 2527 2519 2517 2522
2524 2514 2528 2519 2526
2517 2528 2527 2522 2521
2517 2528 2521 2523 2518
2521 2531 2520 2529
2529 2530 2522
0
2525 2524
2528 2534
2524
2528 2530 2532 2533 2527 2529 2525
2536 2525
0
2536 2526 2533 2540
2531 2530 2527 2540 2536 2529 2541
0
2536 2541 2543 2532
2537 2541 2536
2532 2537 2536 2541
2537
0
2537 2546 2543
2539
2545 2539 2547 2538 2542 2546 2540
2546 2542 2539 2544 2551
2549 2545 2547 2552 2551 2543
0
2544 2540 2545 2554 2543
2555 2543 2551 2546 2541 2554
2544 2548 2554 2555 2543 2553
2556 2554 2544 2546 2548 2553 2545
0
2551 2546 2555
2557 2552 2548 2559
2548
2557
2551 2560 2558 2552
2557 2560 2554 2556
2565
2556 2558 2553 2554 2565 2559
0
2564 2568 2558 2554 2565 2557
2564 2560 2566
2560 2566 2568 2559 2561
2570 2564 2557 2566 2569
2569 2570 2563 2564 2562 2561 2567
2571 2563 2573 2561 2568 2569 2565
2563 2574
2567 2562
2574
2568
2565 2571 2568
0
2572 2570 2575
0
2573
2569 2573 2582 2570 2574
2577 2576 2574 2580
2575 2583 2571 2581 2574
2586
2574 2578
2583 2584 2577 2576
0
2590 2579 2585 2577
2580 2584 2589
2579 2582 2587 2588 2584
2590 2586 2581 2589
0
2590 2588
2584 2586
2592 2590 2585 2593 2587 2588
2584 2594 2591 2596 2598 2587
2590 2591 2592 2596 2589
2600 2590 2587 2593 2597
2601 2592
2597 2600 2594 2598
2598 2595 2593 2589
2592 2600 2594 2591 2597 2596
2598 2591
2592 2594
2597 2603 2607
2606 2600 2605
2597 2601
2608
2602
2602 2608
0
2605 2604 2610
0
2615 2602
2614 2610 2615 2608 2603
2606 2604 2608 2615 2614 2605
2609 2611 2614 2618 2608 2615 2612
2617 2616
2609
2612 2610 2611 2620 2621 2619
2610
2614
0
2622 2626
2617 2613 2620 2615 2616 2625 2619
2614 2621 2618 2628 2617
2629
2625 2629 2616
0
2622 2623 2627 2632 2631 2625
2625
2633 2624 2620 2622
2632 2635 2627
2623
2637 2636 2624 2635
2628 2627 2637 2626 2630
0
2640 2635 2630 2638
2629 2638 2633
2633 2635 2631 2630 2641 2629
2630 2640 2636 2643
0
2631 2640 2638 2644
0
2640 2638 2646 2636 2634 2647 2645
2640 2643 2648 2637 2641 2634 2644
2635 2649 2646 2644 2639
2636
2648
2638 2645
2650
2647 2652 2653
2647 2654 2644 2643
2648 2645 2646 2642 2653
2648
2651 2658 2645 2656
0
2646 2655 2656 2658 2647
2648 2651 2656
2652 2649 2655 2650
2661 2656 2652
2660 2654
2663 2653 2661 2664 2656
2665
2664
2661 2658 2668 2663
2659 2662 2658
2658 2657
2666 2669 2658 2660 2663
2664 2667 2668
0
2665 2667 2666 2660
2665
2675 2665 2673 2662
2664 2666 2675 2673 2670 2677 2672
2676 2671
0
2678 2670 2668
2677
0
2674 2675 2673 2672 2680 2676
2679 2671
2676 2673
0
2686 2675
2686 2685 2674 2679 2684
2681
2685
2683 2679 2677 2686
2689 2692
2686 2693 2688
2693 2685 2689 2694
2690 2682 2687 2692 2695
2684
2687 2695
2694 2689 2684 2693
2691 2695 2689 2697
0
2692 2687 2699 2696
2689 2695
2700 2693 2701 2702
2692
0
2699 2702 2704 2697 2694 2701 2698
2705 2703 2695 2699 2698
0
2695 2702
0
2707 2704
2702 2703 2701 2699
2705 2700 2710
2702 2703 2714
2714 2701 2705 2706 2711 2707
2713
2716 2706 2712 2710
0
2712
2709
2711
2715 2719 2713 2721 2712
2714 2716
2712 2716
2716 2714 2723 2721 2724
2712 2715 2726 2714 2713 2718
2716 2717 2713 2718
2720 2717 2716
2720
2720 2719 2723
2731 2723
2730 2724 2723 2719 2727 2721
2731 2728 2729 2730 2722 2723
0
2723 2734
2736
2732
2726 2725 2727 2737
2735 2738
2727 2735 2726
2727 2741 2728
2730 2741 2728 2739
2743 2734 2733 2741 2731 2739 2740
2733 2742 2730
2735 2738 2734 2736 2744 2742
2744 2734 2738 2742
2737 2734 2746 2736
2740 2743
2739 2735 2736
2747
2741 2740
2743 2748 2749 2740 2745
2740 2744 2743 2745
2745 2750 2741 2743
2746 2747 2755 2750 2752 2741
2754 2756 2745 2746 2747 2748
2743 2756 2752 2748 2757
2751 2755 2747 2753
2750
2759
2747 2749 2757
0
2758
2763 2755 2764 2759 2757 2751
2753 2763 2757 2754 2762 2758
2757 2761 2758 2755 2759 2765 2756
2762
0
2768 2759 2755 2761 2765 2760
2763 2770 2757 2761 2756 2767 2766
0
0
2770 2762 2771 2772
2762 2763 2766 2774 2770 2771
2771
0
2769 2768 2772
2769
2777 2767
2768 2767 2776
2781 2779 2773 2777 2772
2768 2777 2775 2780 2779 2772
0
2774 2784 2777 2771 2775
2771 2776 2772 2783 2778
0
0
2781 2787 2775 2783 2786
2789 2775 2779 2777 2787
2788 2782 2790 2778
2784 2788 2787 2778 2791 2782
2784 2785 2779 2778 2792 2783 2780
2792 2781 2791 2784 2785 2786
2792 2780 2791
2790 2795 2792 2783
2793 2791 2789 2794 2782
2788 2789
2789 2791 2788 2793
2789 2794 2792
2791 2800 2796 2792 2797
2799 2787 2791
2801 2791 2792
2802 2801 2792 2794 2791
2792 2801 2795 2794 2793
2791
2796 2805
0
2808 2795 2807 2805 2794
2802 2807 2809 2806 2801
2806
2799 2804 2807
2799 2810 2802 2812 2805
0
2813 2806 2807
2805 2808 2813 2812 2811 2802
2808 2804 2803 2815 2814 2816 2805
2810
2811 2814 2806
2818 2810 2807
2817 2813
2811 2817
2814 2818 2819 2822 2820 2815
2815
2824 2815 2814
2820 2812 2821 2817
0
2816 2817
0
2815 2822 2820 2816
2823 2822 2830
2829 2817 2827 2828 2826 2818
2825 2822 2828 2827
2822 2829 2824 2833
2827 2825 2829 2834
2827
0
2823 2835 2834 2833 2828
2835 2834 2836
2829
2837 2831 2833 2839 2835
2834 2832 2831 2841 2828 2833
2838 2831 2837 2839 2841
0
2843 2841 2836 2830 2835
2838 2831
2845 2835 2841 2834 2836 2838
2843 2844 2846
2845
2835
2850 2846
2837 2844
2843 2852
2842 2843 2851 2845 2853
0
2852
2851 2849 2844
2847 2849 2845 2854 2856 2846
2851 2854 2847 2849 2855 2844 2858
2845 2847 2850 2858 2851
2852 2848 2846
2853 2861
2861 2862 2857 2855 2848
2862 2849 2852 2850 2859 2863 2853
2851 2861 2860
2861 2857 2862 2853 2865
2856
0
2860 2865 2856
2867 2868 2864 2862 2866
2866
2857 2870
2864 2868 2869 2859 2863 2872
2869 2863 2860 2864
2869 2874
2871 2862 2872 2866
0
2863
2867 2873 2869 2878 2865 2871 2868
2879 2865 2870
2867 2868 2872
2870 2879
2879 2875 2873 2870 2881
2876 2883 2881 2870
2873 2881 2883 2884 2882
2875 2877
2883 2874 2879
2887 2876 2884 2880 2879
2879 2886 2876 2874 2880
2882 2878 2879 2876 2884 2881
2878
2890 2886 2882 2884 2883 2891
2889 2879 2881 2882 2880
2885 2883 2888
2881
2885 2893 2884 2895
2887 2894 2883
2890 2895
2886 2889 2888 2884 2890 2891
2891 2890 2885 2887 2886 2894
2898 2895
2887 2897 2891
2890 2892 2893 2902 2891 2888 2894
0
2891
2892 2893
2896 2905
2904
2903 2907
2909 2896 2904
2900 2899 2905 2909 2907 2902
2900 2904
2904
0
2906 2914 2905 2902
2911 2907
0
2915
2917
0
2918
2919 2913 2916 2910
0
2916 2923 2920 2913
2921 2922 2911 2914 2917
2911 2914 2922 2920 2913 2915 2916
2918 2912 2916 2923 2919 2924
2926 2916 2927 2915 2917 2925 2919
2918 2925 2923 2920
2929 2926
2916 2918 2923 2917
0
2929 2931 2928
2933 2929 2924 2926
2924 2931 2934 2933 2925
2922 2932 2931 2933 2935 2924
2922 2925 2931 2934
0
2928 2924
2939 2925 2937 2927 2929 2936 2938
2929 2940 2937 2935 2932 2926 2931
0
2934 2928 2939
2935 2929 2939
0
2942 2945 2944 2936 2943 2938
2944 2939 2941 2945
2937 2939 2947 2936
0
2947
0
2946 2942 2943
2943 2940 2950 2939 2942
0
2949
2946
2947 2954 2943 2945
2950 2955 2943
2956 2945 2958
2946 2952 2949 2947
2949 2951 2946
2950 2959
2953 2954 2948
2958 2963 2950 2952 2961
2959 2955 2951 2960 2950 2954 2957
2958 2960 2951 2962 2957 2956
2954 2957
2954 2967 2964 2957 2959 2963
0
0
2966 2956 2957
2960 2957 2966 2970 2964
2962 2958
0
2963 2962 2966
2965 2964 2966 2975 2973
0
2974 2965 2977
2975
2975 2979 2965 2968 2972 2966
2968 2979 2969
2979 2968 2976 2978 2970 2967
2975 2972 2973 2969
2976
2974
2977
2984
2977 2984 2982
0
2975 2989 2986 2981 2982
2979 2987 2980
2982 2981 2977
2988 2990 2982 2981 2991
2990 2980 2979
2989
2990 2986 2982 2983 2994
2987
0
2991
2994 2992 2990 2989 2985
2991 2987
2998 2996 2990 2994 2988
2990 2999 2992 2995
2993 2995 2989 2996
3000 2999 2994 2993 2995 2997
3000 2997
2994 2992 2993 2998 2996