1
100
1000
101
102
103
104
105 107 108 109 110 111 112 113 114 115
106
116
117
118
119 120 122 123 124 125 126 127 128
121
129
130
131 132 133
134
135 138 139
136
137
140
141
142
143
144 145 146 147 148 150 151 152 153 154 155 157 158 159 160 161 164 165 166 167 168 169 170 171
149
156
162
163
172 174 175 176 177 178 179 180 181 182 183 184 185 186 188 189 190 191 192 194 195 196 199 200 201 202 203 204 205 208 211
173
187
19
193
197
198
2
20
206
207
209 213 215
210
212
214
216
217
218
219
220
221 223 225
222
224
226
227
228
229 231
230
232
233
234
235
236
237 238 242
239
240
241
243
244 245 246 247 249 250 251
248
252
253
254
255
256
257
258
259 261 262 263 264 265
260
266
267
268
269 271 272 273 274 275 276 277 278 282
270
279
280
281
283 285 286 287 288 289
284
290 292 294 295 296 297 298 300 301 302 303 304 305 307
291
293
299
3
306
308 310 312 313 314 315 316 318 319 320 321 323 324 325 326 327 328 330 331 332 333 334 335 336 337 338 339 340 343
309
311
317
322
329
341
342 344 347 348 349 350 352 354 355 357
345
346
351
353
356
358
359
360 362 365
361
363
364 366 369 370 371 373 375 376 377 378
367
368
372
374
379
38
380
381
382
383 384 386 387 388 389 390 392 393 395 396 397 398 399 401 402
385
39
391
394
4
40
400
403
404
405
406
407
408
409
410
411
412
413
414
415
416 417 419 420 421 422 423 425 427 429 430 431 433 435
418
42
424
426
428
43 46 47
432
434 438
436
437
439
44
440
441
442
443 444 445 446 447 448 449 450
45 48 49 50 51 52 53
451
452
453
454 456 457 458 460 461 462 463 464 465 466 467 468 469 470
455
459
471
472
473 474 475 477 479 480 481 484
476
478
482 485 486 489 490 491 493 494 495 496 497 500 501
483
487
488
492
498
499
5
502
503
504
505
506
507
508 509
510 512 514 515 516 517 518 520 521 522 523 525 526 528 529 530 531 532 533 535 536 538 540
511
513
519
524
527
534
537
539
54
541
542
543
544 545 547 548 549 552
546
55
550
551
553
554
555
556
557
558
559
56 59 61 62 63
560
561
562 563 564 565
566
567 568 569 570 571
57
572
573
574
575
576 577 578 580 581 582 583 584 585 586 587 589 590 591 592 593 594 598
579
58
588
595
596
597
599
6 7 9 10 11 12 13 14 15 16 17 18 21 22 23 24 25 26 27 28 29 30 31 32 33 34 35 36 37 41
60
600
601 603 604 605 606 607 608 609 610 611 612 613 614 615 616 618 619 621 622 623 625
602
617
620
624
626
627 628 629 630 633 634 635 637
631
632
636
638
639
64 65 67 68 70 72 73 74 75 76 77 78 79 80 81 82 85
640
641
642
643
644 645 647 648 649
646
650
651
652 654 655 656 657
653
658 659 660 661 662 664 665 666 667 668 669 670 671 672 673 675 676
66
663
674
677
678
679
680
681
682 683 684 687 688
685
686
689
69
690
691
692
693
694
695
696
697
698
699
700 702 704 705 707 708 711 712 713 714 715 717 718 719 720 721 722 723 724 725 726 727 728 729 730 732 733 734 735 736 737 738 741
701
703
706
709
71
710
716
731
739
740
742
743
744
745
746 748 749 750 754
747
751
752
753
755
756
757
758
759 760 761 763 764 765 766 767 769 771
762
768
770
772
773
774
775
776
777
778 779
780
781
782
783
784 785 786 787 788 789 790 791 792 795
793
794
796 797 798 800 801 804
799
8
802
803
805
806
807 808 809 810 812 814 815 816 817 818 820 821 822
811
813
819
823
824 826 827 828 829 831 832 834 836 837 838 839 840
825
83 84 86 88
830
833
835
841
842
843
844
845
846
847
848
849 850
851
852
853
854
855
856
857
858
859
860
861
862
863 865 866 867 868 869 870 871 872 873 874 876 877 878 879 880 881 882 883 884 885 886 887 889 890 891 893 894 896 897 898 899 900 901 902 904
864
87
875
888
89
892
895
90
903
905
906 908
907 910 911 913
909
91
912
914
915
916
917
918
919 920 921 922 923 924 925 926 927 930 931 932 933 935 936
92 93 96 97 98
928
929
934
937
938
939 940
94
941
942
943
944
945
946
947 949 951
948
95
950
952 955 958 959 961 962 964 965 966 967 968 969 970 972 973 974 975
953 956 957
954
960
963
971
976
977
978 979 981
980
982
983
984
985 987
986
988 992
989
99
990
991
993
994
995
996
997
998
999
5.11ms