1000
0
0
0
0
7
10
8 1 10
0
13 6 11
13
8 9
15 7 16
7 12 14 9
10 8 16 18 12
14 10 18
19 14
11 21 14
17 21 13 16
0
0
22 18 17 19 16
24 17 26
27 25 24
28 23 25 26
27 29 23 26 19
22
28 21 24
32
23
27
25 28 35 29
35 31 33
30 36 29 34
35 33 28 31 30
33
38 34 37 40 39
31 34 41
0
0
39
38 39 37
41
42 46 37 44
38 40
39 49 43 46 41
44 47 43 40
43
50
45 53 50 51 44
47 44 53 52 48
52 45 49
46 53 48
48 47 57 55 51
0
0
53 59 60 50 54
0
0
63 61 60
57
60 63 56 58
63 57
62 59 57 60
65 67 68
61 64 66
63
65 71 64
64 72 70
0
72 67 68 66
66
76 66
77 71
77 71 72
78 70 74
73 70 72
79 75 74
80 79 73 82 77
78
77 74
78 79 82
85
84
87 83 79 86 82
81 79
89 84 88
91
82 83 84 89
0
0
0
87 93
96 91 88
98 89 95
0
98
93 100 95 92
97 92 101
100
0
0
104 100
105 99
0
99 101 102 100 107
0
102 104 110 111
110 102
104 105 113
106 105
115 105 108 110
114
112
111 109 117 113
109
118 114
0
0
122 123
124
0
126 119 118 121
127
118 127 125
120 126
122 127 121 130
130 123 121 128
124
0
0
125 133
129 128 131 134
134 132
137
130 139 132 131 138
135 134 130 131
0
139
135
0
138 137 136
143
0
142 141 140 146
148 141 143
150
142 146 144
149 150 147 146 145
0
154 148 151 152 149
153
155 150 154 156
150 155 157 147 154
156 148 149 158
159 150 152 151
0
152 156
155
156 153 158 161
158 155 154 164
164
163
0
168 167 158 165 163
159 162 167 166
165 160 164 163
165 169 168 170 162
169
171
169
165 170
167 174 175 176
170
175 170 168
169 178 179 173 172
173 178 179 174 175
171 178
173 177 180
177 181
176 177
183 184 185 176
180 177 183 184
181 179 178
183 180 186
184 180 181 189
189 182 185 184 188
182 190 181 186 185
185 189 182
183 192 191 190
188 192
185 189
186 193 196
0
195 192 191 188
192
199
192 201 191
194 201 195 196
203 200 202 194
196 194 201
196
205 204 196 206 203
199
202 208 205 201 199
199 201 200 208
0
208
211
211 204 213
212 214 206
210 208 205 212
0
211 215 210 214
0
212 211 209
211
0
214 215 213 219
0
214
223 216 219 217
225 220 217
217 226 220 225 221
225 223 219 228
219 221
0
230
222
231 227 225 226
0
229 227
234 229
234
0
238 231 233 237
231 233 234 230
241 240 238 239 231
233 242 237 232 236
241
0
236
238 239
237 242 239 240
246 243 241 240
240 241 244 248
244 247 243
251 249
252
244
245 246
255 250
255
0
256 249
0
0
260 251
257 260 253 252
261 257 260 253 256
0
258 263
261 257 263
262 265 264 258 259
261 259
259 268
268 265 260 264
261
0
273
0
272 266 268 270 267
276 269 275
272 268 275 271 270
275 268 276 278 270
272 269 270
274 280
274 272 275 273 276
279 282
0
0
0
277 280
279 281 278 286
0
281 287 288 282
290 282 287
289 288 281
283 286 287 285 282
286 283 285
292
293
295 293 294 290
0
292 290 298
292 293 296
294 295 291 297
293 300 301
297 292
295 301 300 296
304 303 297 296 302
305 297
303 306
307 297
303 306 300
306 301
0
302
305 306 310 303
0
304 314 306 305
309 305
315
308
308 318 312 311
319 311 310 316
315 311 313 320 312
0
319 322
320
322 323 315 321
318
0
326
319
327 323
327 324
328 330 324 325 331
323 332
0
329 332 333 331
332 334 335
336 334 327 326
331 335 336
336
334 337 330
339 331 332 340
334 333 338 335 331
334 339 336 332
343 334
335 337 338
336
344 345 343 339
338 339
348 338 341
0
341
344 348 351 345 342
352 349
345 348 350
354 347 348 346
0
348 355 353
0
357 358 353
354 352 351
352 355
355 352
0
0
363 362
358 362 357
365 357
0
366
360 366
370
368
0
366 364 363 372
368 373 369 364
366 373 368 369
367
367 377 371 369 368
368 375 378 376 372
378 369 372
373
378 376
375 376
376 375
0
383 375 385 379
0
386 382 380 385
383
0
384 389
389 388 390
387 383 382 389
386 393 388 385
386 389 393 384
385
395 388 389
388 396 392 395 389
0
391 396 393 397
391 397 399
395 391 398
401
394 396 395 402
401 396 395 394 397
395
399
404
402
406
400 408 409
402 405
402
0
408
408 415 406 409
408
410 414 407 415
415 411 412
0
410 412 417
413 420 416 418
413 415 412
418 420
422
417 419 423 425 415
419 425 416 417
418 422 426
0
429 422 427 419
0
425 421 430 423
0
425
431 428 434 433
433 429 435 427
426 427 435 433
436 429 428
438
429 438 436
0
0
436 434
441 436 437 440
0
436
437 441
441 444 446 439
446 442 438
448
448 444 442 441
446 450
452 447 444
443
448 449 447 445 453
448
0
454 456
457
457 450
454 459
456 458 459 460 461
462 459 457 452
0
456
458 460 457
464
461 466 460 467 462
465 466 462
468 463 467
470 461 462 468 467
464
462
471 465
468 466 469 464 467
0
466 469 470
467 472 477 468
470 473 476
473 479 476 470 471
470 471
480 481 478 472
0
481 475 478 473
474
484 477 479 480
485
0
481
489 482 480 486
489 482 490 480
0
483
488 486 491 487
489 488 493
494 492 486 490 487
0
488 495 494
490 496 497 488
493 490 496
494
501 496 500
494 492 501 500
0
494 501 504 496
500 496 505
496 497
500
0
0
505 503
508 509
509 502 506 503 505
511 508 506 503
504 514
506
514
0
517 513 516 508
517 510 518 512
515 517 520 510
511 521 515
516 514 520 515
513
518 519 514
516 518 522 523
518 521 517 524
517 525 518
0
529 522
528
524
526 522
528 526 533
529 531 527 525
527 532
530 531 535 534
532 534 530 528
0
531 529 532 536
538 539 530
539 531 540 536 535
534 533 539 542 540
534
535
536 539 540
0
538
546 539 545
548 541
0
544 548
549
545 547 552 546
0
549 553 548 555 552
546 548
556
558 557 555 552
552 556
0
558
559 553
0
563 559 562 554
556
559 564 563
566 562 558
565 561 558 563
563 566 561 564
0
561 568 566 569
562 563 571
567 563
569 571
570 567 565 566
568
570 568
0
574
570 577 573
578 571 575 574
581
573 581 580 577
583 577 576 575
577 584 578 582
585 584 581
577 580
580 586
587 584 582
587 590
589 584 581
0
593
586 592 593 587
585 592 586 594
589 594 587 590
591
598 589
0
597 598 599 594
593 598 592 595 600
592
603 595 602 598 594
595
598 605
598
606 602
601 607
603
600 610 607
608 604 601
605 610 607
603
605 606 607 613
615 607 606
608 609 614
614
608 611 609 610
618 612 610 613
619 617
0
615 622 620
614 622
0
617 619 623 620
625 620 618 617 616
621
0
621
623 625 629 627
631 623 629 630
630 631
633 627 625 632 623
632 634
625
0
628 632 635 631
629 637
634
640 635 638 634 630
639 634 635
0
0
638 635 634 637
638
0
639
647 641
642 648 641
641
649 644
651 644 642 643
645 643 646 647
648
0
655 650 648 647 649
0
652
657 650 652 654
655
655 656
655 660 662 652
661 660 662
661 659
664
666 665
657
668 666 658 665
659 668 666
669 665 661 668
670 666
671
671 666
673
672
668 670 669 676 675
677 672 671 676 667
676 668
676 670 672 673
670 679 677 675 673
0
674 676
677
677
678 676 685
680 685 676 684
682 687 677 686 681
683 685 688 687
0
681
684
686 682 687
692 693 683
694 688 689 684
688 686 685
687 696 688
0
691 696
699
0
0
701 692 694 697
0
695 698 702
703
706 705 699 700
0
706 698 708
700 701 702 707
0
709 711 702 704 710
705 704 702 710 703
0
709
705 713 706 708
711 714 715
712 716
713 718 715 716
719 713
0
718
712 714
721 714
717 716 715 714
722 720
725 717 720 719
726 718 721
726 723 718
726
723 730 725 720
729 730
732 725 722 724 730
724 728
731 727
0
735 731 729 728 734
728 737 735 730 727
730 729 728 738
732
737 733 740 738
736 733 735
733 741 742
736
0
742 738 740
740
738 740 741
741 747 738 739 748
746 749 741
750
741 743
752 746 749 742
748 752
748 747 754
0
0
752 747
748
751 752 750 753 758
754 750
753 758
0
756 760 761 757
762 756 764
755 763 759
0
764 766 759 762
765 760 767 758
764 766 762
767 765 760 764 770
771 763
0
768 765 767 772 766
772
769 766 774 770
0
776
0
770 779 774
770
0
779 773
778 782
0
0
780
782 784 780 787 778
785 782
784 788
782 784 790 788
788
786 785
788 792 785 793
787 791
789 788
795 793 791
0
0
789 791 793 799
797 793 790 791
795 800 798
800 801
0
799 804 802 797
799 796 798 802 800
0
799 798 801
806 805 802 798
0
0
809
803 810
805 808
812 808 807 804
806
815 814 810 816 809
807
808
809 818 811 816
811 815 810
819 821 818
815 820 816 819
0
814 817
822 820 816
823 818 821 817
819
827
821 823
827 825
826 829 825
824 823 827 832 829
831
0
825 832
834 836 828
0
829 832 836 837 833
0
837 838 832 839
836 832
834
837 841 840
836 835
0
839 843 845 837 836
844 839
0
840 841
844 841 843
846
846
853 846 850 844
845 849 847
854 847 850
849
0
852
851 854 857
850 858
853 859 851 854
0
0
858 856
862 856
0
858 862 866 864 860
860
868
865 860 869
868 869 861 870 864
862 863
870 871 865
867 872 871 874 865
865
870 871 876 866
867 872 868 876 877
871 873 870 868
0
880 879 873 871
878 881 873
873 880 881 879
875 873 883
884 875 881 879
879
880 881 876 884 877
878 887 886
883 887
884 886
884 889 882
889 882 890 881
0
887 883
887 894 884
885 890
0
890 887 889 891
896
0
891 893 892 899
892 895 894
899 896
894 901 897 900 896
902 904
899 904
903 897 901 896
0
908 898 901
0
908 903 905
904 906 910 903
906
0
905 908 906 913 907
907
910 914
908 910 907 911
917 913
912
0
0
0
917 913 915 921 922
919 923 916
916 924 922
921 917 916
927 925 926
920 923 919 922 925
923
930 925 924
925
922 926 924 927 929
0
925 932
927 930
935 936
931 927
937
934 933
937 931 930
0
940 936 934
940 933
939
0
0
0
0
941 940 939 946
942 940
949 941 942 951
943 942
948 951 945 946
948
946 947
946 955 951 948
956 950 949 948
948
959
951 957
953 951
955 959 952
954 957 962 956
954 957 964 963
964
964 961 959
964 966 958 957 961
965 958
966
968 965
968 962 971 969
964 969 972 970
968 970 967
966 967 965 964 974
0
968 971 974 967
971 972 970 968
970 975
973
977 971 973 980
978 973 972 981
972 981
973 978 974 983
974
979
984 986 981 977
0
0
986 987 981 979 982
0
981 982 986 985
992 986 983 987
0
984
0
988
0
988
0
999 991 992 993 994
996
994 993 1000
0
996