2000
4 2 5
0
0
6
7 2
7 4 3 1 8
2 10 8
9
7
4 3
12 14 10 13
8 13 6 16 14 5
17 10 12 7 9
19 11 18 10 7
19 14 13 8
21 11 18 19
20
11 17
20 16 24
0
15 20 17 18 23 19
21 19 18 23
16 28 17
22 18
21
19 20 25
32 22 24 28 29 23
22 29 26 31 25 27
25 32
25 32 34 27 24
0
26 34 30 25
38 28 30 31 34
29 33 32 30
40
41
0
0
0
0
40 34 44
44 43 45 47
37 44
41
38 41 47 43 49
0
51
45 50 51
48 51 46
51 46 48 53 52 45
53 45 47 46 50
50 46 48 53 49 56
52 47 58
0
60 53
0
62 52 56 55 60 54
55 59 56 63 54
60 61 56 62
55
0
65 55 66 59
0
63 62
62 61 70
67 69
68 60
0
71 63 67 73 70
64 65 71
66 65 75 69 74
69 75 68
67 74 69 72 68 66
73 69
72 68 74 73
69 70 81 78 75 73
82 74 71 75
81 76 74 82 75
76 74 72 83
0
80 76 77 85 82
79 87 83 75
0
0
88 79 90 84
84 83 89 87
91
0
90 92 93 91 94
92 93 94 95 83
84 87 86 92
90
0
0
0
101 98
95
99 97 95
98 101 102
98 105 94 93 99
97 104 96 94 106
97
104 97 96 108 100 106
108 97 102
107
107
106 101 110
102 112 111
102 105
103 112 114 107 106
0
0
0
111 112 119 118 113
0
0
121 120 118 111 116 119
114 123 117 112
123 116 117
125 115
120 126 117 114 124
117 127 125 119 123
122 120 125 128 117
122 118 126 121
0
123 127 124
125 120 132 122
124 133 131
134 130 123 131
131 128 129 126
129 133 136 127 132 130
129 126 125 134 135
135 132
133 130 128
129 132 134 139
130 132 140 131
130 136 135
141
132 140
141 144 142
144 145 136 134 140
147 146 136 135
141 148 144
141
0
151 139
150 144 151 142 140
141 142 144 146
148 154 146 150 142
144 155 152 148
144 150 147 152
145 146 155 151 156
151 158 154 147 146 156
159 152
149 153 148 151
152 153 161 151
150 159 161 162 158
0
164
153 162
163 165
159 155 156 163 160
0
169
167 161 166
163
0
166
174 173 163 166 172
169 173 168
166 174 176 169
176
168 178
170 178 167
168 170 174 177 173
178 172 179 169
179 173 174
177 173 176 182 180
180 177 181 175
185 183 176 179 178
185
179 176 184 175
180
189 185 187 188
180 179 190 188
0
191 181 184
183 193 182 186 191
185 188 191 187
194
185 192 186 189
0
197
193 199 196 189
192 190 197 199
200 191 189 192 193 201
198 199 190 192 196
193 196 202
200 194 198 203
202 199
198 204 195 202 199
196 199 197 206 195
202
0
202 200 208 207 201
199 208 204 207
204 210 200 201
213 201 202
203 208 211 206 204 214
211 209
0
216 205 213
215 208 216 206
211 218 207 216 219
214
221
220 211 210
221
218 212 221
213 214 219 218 217
224 225 226
218 220 217 221
219 220 225
229 222 221
220 224
231 227
230 222 228
232 221 222
226 231 223 225
224 234 232 225 235 233
0
226 228
235 232 226
229
240 232 228 229 231
232 239 234 241 233 238
234 230 239 231 232 242
236
243 235 240
0
238 234 237 236
238
244
0
0
249 244 247
251
246 241 252
242
249
255 250
256 246 253 250 247
251 257 250
0
258 248 254 259
251 258 249 253 259
259 261
260 253
260
254 261 255 262 257 256
0
257
268
261 266 257 263 269
261 259 262
269 261 268 267 259
269 271 261
271
273 271 272 270 265 268
268 275
270 267 264 274 276
0
0
279 270 276
280 272 276 269 271 273
273 279 280 274 277 269
0
282 283 273
280 275 274 283
284 274 277 276 279 275
277
278 276
276 280 285 282
277 279 286 280 288 283
290 284 287
283 290
289 281
0
284 291 285
283 285 287 293 289
285 286 284
285 295 290 287 297 288
0
288 291 295 296
0
292 297 299 289 295 298
295 290 291 296 293
296 292 300
302 292 295 303
0
299 302
306 303
0
301 300 306
300 310 299
299 304 311 307 309 303
301 300 305
305
312 303
307 311 303 314
305 315 306 312 314 309
314 307 309
0
318 317 310 319
308 317 312 309
318
315 313 311
319 317 312 314
315 323 324
321 325 314 313 323
0
324
321 328 327 320 316 322
325
329 321 320 324
325 331 324 328
329 326 324 320 325 321
324 333 332 325 323
0
324 334 325 332 327
0
330 328 327 326
0
0
340 338
0
331 334 336 342 330 335
0
336 341
345 343 338 339
0
0
344 347 345 342 341
0
346 343
340 348 351 343 339
349 342 341
347
347 354 344 353 348
348 349
349 344 352 353
346 354 355 349 351 348
350 347 346 352 348
350 347 352 353 349
357
352 357 354 349
362 352 353 351 354
356 359
356 364 353
361 364 363 355 359
364 354 363 362 355 357
0
366 365 360
359
359 367 370 368 358
369 359 360 368
365 361 363 360
373 367 372 369
364 362 366 371
372
375 373
370
0
367 369
377 374
378
380 372 378 371
376
381 374 382 377 383 378
384 374
0
380
384 382 376 381
386 388
378 383 386
384
0
390 384 393 381
394 385
0
394 393 384
388 389
387 389 388
391 396
0
390 397
0
391
394
395 398 402
399 397 402 398
0
397 400 408 402 399
403 405 409
403 404 398
0
404
405 413 402 410 403 412
408
0
410 415 405 409 408
0
416 407 410
418
419 410 417 420 414 413
420 409 412 414 415 418
411 412 418 413
422 416
422 424 420
0
416 426 422 418 417
427
424
423 429 417 418
427
430 419 428 431 422
428 431 420 424
430 422 429
430
429 424 423
428 426 436 429 430
434 427 431 425
426 436 435 437
430 429 428 435 433
430
433 432
431 434 441
436 443
433 441 444 432 440
433 435 436
435 434 439
444 435
442 437 436 441
441 448 447
441 447 444 448 440
451 447 440 450 445
441 444
443 450
444 442 452 451 448
445 443 446
453 455 456 452
457 451 449 446 454 453
450
451 452
454
449 451 458
450 455 451 458 452
456
0
462 456 463 457
0
459 455
0
465 459 460 466 467
461 468 466 459 458
468 467 463
461 470 465 460 468
461 467 466 465 473
466 465
466 475 474
470 473
0
470 469
473 479 470 477 475 471
476 479 478 470
469 473 472 474 475
471 470 482 475
0
473 475 476
479 477
484 485 479 483
483 481 479
476 481 478 477 480 482
483 488 485 479
482 490 481 488 486 480
0
480 485 483 482 490
0
487 488
492 495 485 489
490 489 488 487
495
490 487
498 492 495 490 496
491 490 498 496
492 489 501
500 501 495
0
504
501 504 503 502
494 500 506 502
505 499 503 504 496
502 499 506
502 505 507 501
507 498 508 504 506
0
503 509 505
0
0
509 505 513 515 503 506
512 509 506
514
507
513 508 509 516 519
519 511 509
514
516 512 514
517
522 514 521 524 520
522 525 516 521 524
516 522 525 514
517 525 524 526 520
0
518 521 527 526 523
528 523 521
519 520
525 522 524 521 526 532
530 532 529 525 526 524
530
526 534 529 525 524
527 536 525
537 526 535 534
537 530 532 527 529 536
533
534 529
535 538 537
0
539 542 541
542 541
0
535 539 542
546 537 544 540
537 544 541 546 539
0
548 538
544 550
550 548 544
0
0
545 555 549
552 545
0
547 554 549 550
0
552 557
551 555 560 561 550 552
562 558 559 550 555
562 559
563
0
0
0
0
567 557
563
565 562 568
572 569 570
567 564
567 562 572 573
0
0
565 575 566 573 574 571
577
570 572 576 569
0
581 579 573
0
574 581 576 571 572 573
580 573 581 572 574
0
0
586 578 579
581
588 579 583 581
578 587 590 580
0
582 581 586 588
583 591 581 582 590
582
595 594
593 594 587 596 595
590
587 589
596 598
594 599 591 597 600
0
590 601 596 591
600 601
595 601
602 598 593 604
0
606 604 607 603
0
605 603 601 602
610
611 601 609 607 602
603 608 611 612 604
605 611 606 609 613
602 613 607 612 610 614
603 609 605 613
613 609 606 610
606 610 608
616
607 608
618 609
610
618 615
616 621 611 622 623
0
617 624 618 619
625 614
0
618
625 627
626 620 629 630
631
623 626
632 627 623
626 623 633 624
629 634 635 624 632
0
628 636 630 631
627
628
628 636 639 630
632 637 630 639
638 631
637 639 640
637 643
645 638
635
645 647 643 640 637
0
645 637 639
641 639 640
641
646 641 651
651
653 654 652 648 643 646
652
648
645 646 647
652 656
651 656 647 648 655 659
659 654
660 650
0
0
0
658 661
656 654
0
668 667
0
0
671 669 661 659 662
664 663 661 671
663 671 666 672
666 664 668
669 675 666 665 673 667
665 675 667
677 676 673 665 669
678 676 667 674
0
669 679 674 672 680
681 679
0
683 681 674 672
672
675 682 683 685 684 677
680 685 679 675
676 679
0
678
684 682 681 687 678 689
684 690 687 683 682
683 688 689 682 686
690 693 689
685 690 684 688 693 694
685 684 683
684
0
0
698
700 692 694 693 698 697
692 700 697 694 689
701 702 690 694
691
701 704 700 697 692
695 701
700 702 697 695 705
695 703 707 701 696
706 699
703 707
699 700
705
0
0
0
0
715 706 714 709
715 717 710 708
714
718 719 716
717 710
712
710 711 719
716 717 720
724 714
724 713 719
715 720 722 719 726
723 724 719 721
728 716 725 721
721
719 718 729
729 724 720
724
731 723 727 721 730 724
722 727 730 733
735 732 728
729
728 736
726
727 731
728 740 737
731 733 735 734 740 738
731 741
736 743
732 735
737 734
737 734 738 739
738 746 736 745 740
0
737 742 741
738 744
743 740 749
748 744 751 741
751 747 750 745
748 744
749 746 743 748 751
746 748 750 756
751 748 753 757
747
748 758 750 756
749
751 754 758 755 757 759
755 759 754
755 754 756 760
758 763
762 753
764 765
755 757 761 763 759
759 756 760 757
769 761 759 766
766
763 769 762
764 772 765 762
761
765 766 764
769 773 772 774 763
767
767 777
774 769 768 770 771 772
776 771 768 777
778 780 772 771 770
780 774 781 769 777
0
771 772
0
784 782 785 773 775
782 778 786 779
785
780 776 781 785
789 781 780
790
0
792 785
785 789
792 794 783 790 791
0
790 789 792 796
796 797 793 789 790 788
795 788
796 798
792 790 796
791 797 789 801 790
799 802 800 801 796
799 801 793 800
798 796 801
798 803 793 796 799
798 796 806 800
797 805 807 798
801 807 800 796
797 805 803 806 809 808
801 803 800 799 804 807
810
812 802 809
805
0
0
808 816 809 807
816
807
811 819
814 813 811 810 808 819
812
816 812 815 813 814 818
822 823 819 816
815 812
816 819 825
820 824 825 818
817 815
824
822
0
828 822 821 823 831
0
829 830 822 823 826 821
0
825 828 835 831 827 823
828
836 834
829
831 839 829 830 838 832
836 832
838 837 841
0
837 835 836
834 832 833
843 842 838
844 839 845 840
839 836 840
838 836
841
838 850 846
849 843 847 841 842 845
848 852 840 850 846 842
852
851 848 850
843 844 851 853 848 852
845 853
0
852 851 846 855 850
852 855
850 848 860 852 857
858 854 857 853 852 851
861 859 852 855
862 857 860 852 859
863 864 858 855 852
855 862 858 853
856 857 862 859 863
0
857 867 856 868
868 857 863 867 858
862 861 860 869
0
860 862 864 865 872
863 864 872 871 869 861
872 868 870 867 865
873 875 866 865 868
865 864 872
870 873 875
877
0
879 868
881 874 879
880 882 876
880 874
882 873 881 878 880 874
884 882 885 879 873
884 882 885
887 879 877 881 880 876
877 878 881 884
886
880
879 885 890
0
887 885 883
0
884 886 895
885 887 888
891 889 895 896 894 890
0
887 896
893 899 900 898
895 891 898 901
892
897 901 902
903
904 893 901 894 903
895 899
897
904 901
898 897 905 906
909 903 904 907 906
903 904 901 902
909 911 905
907 904 902
903 913
913 912 915 911
914
0
906 907 909 911 912 908
919 917 909
0
920 918 914 913 917
916 920 914 921
0
0
0
923 914 925 916 926 917
917 916 926 915 920
922
928 926 925 923
924
921 928 929
926 931 922 921 932 929
0
928 934 930 925
931 929 934
932 930
935 936 934
0
935 932 931 930 933
931
930 934
932 939 936 942 934
0
933 937 934 935
934 937
0
946 938 936 940
948 945 946
948
0
943 950
944
953
0
949
953 946
0
955 946 952
0
954 949 956
951 952 961
959
955 954 963
958 953 955 962
963 955 958 953 964
0
956 961 958 957 960
967 964
961 962
961
970
968 971 970 961 966
970 964
968 963 973 965 966 971
971 975 964
969
967
976 974 977 971
0
979 977 973 976 978
971 972 969 975
978 974 970 980 982 979
979 983 982
976 972 977 975
977
0
985 986 980
979 988 976
983 979 985 980
979 989
987 980 985 982 981
0
993 984
984 986
992 995
996 995 984
993 989 995 997
0
0
998 992 991 996 989
1000 994 995
1000 999 990
0
1003 1001 1004 1000 998
0
1002 995
1000 998 1007 1004 1003 995
997 1007 999 1006
1003 1007 1005 1008 998
1009 1001 1002 1000 1006
1009 1007 1004 1005
1003 1012
1009 1004 1003 1001
0
1014 1004 1013 1008 1011
1007 1010 1009 1012
1013 1005 1010 1015 1016
1010 1016 1012 1018 1014
1008 1011 1013 1019
1017 1011 1019
1015 1010 1019 1012 1020
1012 1016 1019 1021 1010
1023 1015 1022
1018 1020 1015 1017
1014 1019 1022 1018 1025 1017
1020 1026
1018
0
1020 1017 1019 1025
1021
1027 1029 1022
1029 1023 1030
1027 1032 1029 1026
1028 1027 1031 1023 1025
0
1033
1037 1029 1026
1030 1036 1026 1035 1029
1036 1039
1028
1038 1035 1037
1030 1035 1041 1040
1041
1037 1044 1034 1033 1043 1038
1035 1041 1034
0
1040 1045 1041 1046 1038
1047 1046
1049 1043
1044 1041 1049 1043
1044 1042
1048
0
0
1047 1048 1045 1052
1050 1054 1046
1046 1056
0
0
1058 1048 1051 1049
1049 1051 1059 1058 1053 1061
0
1061 1059 1051 1060 1056
1058 1061 1057 1052 1053 1063
1065 1055 1062
0
1061 1055 1056 1057 1063
1066 1056 1062 1065 1058 1057
0
1062 1068 1061
1070
1071 1069
0
1073 1062 1071 1064 1063
1074 1067
1069 1075
1070 1077 1071
1070 1078 1076 1071 1075
1073
1071
1080
1072 1082 1070 1076 1073
0
0
0
1079 1078 1085 1084 1075 1083
1083 1086 1087 1075
1077 1080 1087 1084 1082 1081
1080 1087 1088 1077
0
1089 1090 1082 1079 1088
0
1087
1082 1084 1094
1087 1093 1085
1090 1093 1089
1089
1088 1098 1087 1096
1087 1099
1100 1099 1088 1093
1095 1101 1089 1090
1093 1102 1101
1097 1093 1094 1103 1091
1093 1102
1098 1099 1103 1093 1102
1104
1100 1097 1098 1099 1105 1104
1102 1107 1104 1096 1099
1101 1100 1099 1109
1102
1110
1108 1109 1106 1101 1105
1103 1113 1104 1107 1105
1102 1103 1114 1104 1108 1107
1113 1115 1107
1115 1106 1110 1114
1108 1116 1117
1107 1114 1115
1108 1112
1110 1113 1112
1110 1114 1109
1110 1111
1114 1123
0
1125 1122 1113 1119
0
1123
0
1117
1123
1119 1121 1128 1125 1122
0
1124
1126 1133 1124
1134 1125 1131
1133 1134 1129 1135
0
1127 1135 1128 1132 1138
1132 1136 1135
1138 1129 1130
1131 1140 1130
1140 1142
1137
1137 1144 1143 1134 1135
1136 1135 1137 1139 1142
1134 1139
1147 1145 1146 1135 1140
1148 1137 1145 1147
1145 1149 1143 1140 1147
1146 1143
1144 1149 1145 1141
1148 1143 1150 1152
1153 1141 1149
1154 1150 1148 1142 1146 1144
0
1156 1144 1150 1146
1157 1150
1150 1149 1155 1146 1148 1151
1148 1158 1159 1155 1149
1149
1149 1152 1159 1160
0
0
1158 1155 1162 1152 1163 1157
1158 1165 1157 1161
1158 1154 1165 1166
1166 1164 1160
1164 1167 1166
0
1162 1170
1160 1170 1161 1163 1162 1168
1166 1169 1165 1162 1168
0
0
1166 1163
1175 1166
1176 1171 1177 1168
1168 1172 1177 1171 1175
1176 1170 1177 1178 1173
1177 1172 1180 1170
1172 1179 1180 1175 1169 1173
1179 1175
0
1177
1175 1183 1173 1181
1176 1182 1184 1179 1178
1181 1178 1187 1179 1177 1185
0
1178 1180 1187 1182
1186 1182
1189 1187 1188
1182
1193 1185 1189 1192 1190 1191
0
1195 1183 1187 1189 1191
1190 1195 1194
1188 1187 1190 1197
0
1196 1199 1189 1195
1193 1197 1194 1200
1195 1198 1199 1194
1191 1199 1192 1200 1201
1191
1200 1192
1203
1198 1206 1202 1204 1196
0
1206 1199 1202 1205
1205 1203 1197 1209
0
1205 1208 1210
1211 1204 1200 1205 1212
1209 1211 1201 1210 1212 1204
1203 1202 1213
0
0
1209
1207 1216 1209 1215 1208 1214
1218 1207
1217
1210 1217 1220
1213 1211 1218 1216 1222
1214 1215
1223 1222 1217 1212 1216
1216 1221
1218 1222
1217 1215 1225 1227 1216
1216 1217
1226 1219
1218 1229
1228 1220 1227 1229 1225 1221
0
1224
0
1226 1234
1229 1235 1230 1227 1234
1227 1228 1233 1225
1235 1238
1231 1228 1235 1233
1229 1234 1239 1240
1240 1238 1232 1231
1236 1231 1235 1238
1233 1241 1232 1243 1234
1244 1243 1240 1237 1238
0
1242 1235 1237
1235 1247
1241 1242
0
1243
1242 1243
1243 1249 1246
1251 1245 1241 1244 1250
1244 1254 1247 1245 1246 1248
1243 1248 1247 1253
1253 1244 1246 1252
1246 1249 1245
1257
1259 1248 1252 1257
1260
1255 1250 1254 1259 1252
1260
1257 1261 1252
1262 1256 1260 1261 1254 1257
1259 1262
0
0
1264 1261 1262
1258
1262 1260 1267
1260
1262 1263 1271 1272
1264
0
0
1270 1266 1273 1265 1276 1264
1267 1268
1278 1274 1268 1276
1268 1275 1273 1270 1277 1269
1274 1280 1277
1272 1281 1278 1273
1281 1280 1282 1276 1274
1283
1272
1283 1279 1275
1278 1274 1282 1280 1275
1285
0
1282
1290 1284 1286 1287
1287 1285 1291
1289 1288 1283 1290 1285 1291
1281 1285 1292 1293 1290
1291
1284 1283 1295
1295 1293
1286 1288 1291 1297
1288 1297 1296 1287 1286 1291
1288 1295 1299 1287
1292 1291 1297
1290
1292 1296
1292 1296 1302
1292 1295 1294 1296 1297 1300
1297 1304 1302 1293 1296
1303 1295 1299
1299 1297 1306 1301
1305 1307 1297 1299 1302
1307
1298 1302 1299 1303 1309 1300
1302 1303 1299 1307
1310
1305 1306 1302
1306 1302 1310 1314 1311
1304 1307 1313
1307 1314 1312 1304 1308 1313
0
1317 1308 1314
1317 1309
1319
1320
1320 1321 1318
1311 1321
1318 1321 1312
1316
1320 1317
1321 1323 1320
1318 1324 1319 1321
1317 1327
1328 1330
0
1332 1329 1330 1321 1322 1326
1325 1322 1333
0
1325 1333 1335 1329 1324 1327
1326 1324 1330
1327 1325 1326 1333
1327 1338
1339 1336 1328
1329 1334 1340 1331
1329 1332 1337 1330 1335
0
1335 1333
1336 1332 1333
1343 1337 1342
0
1343 1345 1341 1337
1348 1340 1347
1338 1339 1349 1341 1342 1347
1346 1347 1340 1350
1348 1345 1339 1342
1344 1340 1352 1346 1348
1352 1350 1344 1347 1353 1346
1353 1352
1355
1350 1355 1356 1354 1349
1350 1353 1345 1346 1348
0
1352 1350 1348 1349 1347 1356
0
1357 1355
1358 1351 1362 1353 1360
0
1361 1363 1360 1355 1358
1359 1364 1365 1357
1365 1363 1366 1356 1362
1360 1356 1355 1357 1359 1363
1356 1368 1364 1359
1368 1365 1359 1360
1369 1368 1366
1361 1364 1368
1360 1366
1364 1371 1366 1373 1362
1362 1370 1367 1366 1372 1368
1367 1363 1373
0
1374 1375 1377
1366 1367 1368 1377 1369
1377 1378 1367 1372
0
1369
1376 1372
1380 1382 1376
1376 1378
1382 1376 1373 1381
1384
1385 1387 1386 1384 1380 1383
1381 1378
1389 1379 1383
1390
1387 1391
1384 1391 1392
1393 1381 1386 1384 1390 1387
1388 1392 1387
0
1395
1389 1394 1387 1391
1389 1398 1390 1392 1388 1395
1398
1390 1397 1391 1396 1389 1392
1399 1394 1397 1393 1401
1401 1393 1390
1394 1400 1399 1395 1391 1403
1403 1400 1404 1393 1402 1396
1397
1399 1406 1403 1395 1396 1400
1396 1398 1405 1403 1406
1407 1406 1398 1405
1398 1407 1402 1399 1405
0
0
1403 1409 1405 1401 1402
1409 1401 1407 1402 1404
1413
1406 1409 1411
0
0
1418 1416 1409 1408 1414
0
1411 1410
1411
0
1414 1422 1423
1414 1422
1416
1425 1426 1416 1417 1420
1418 1417 1424 1427 1426 1425
1428 1418
1427 1425
1429 1426 1420 1421 1422 1418
1425 1431 1422 1419 1420
1426 1423
1422
1431 1434 1428 1426
1429 1427 1434 1425 1435
1436
1436 1426 1429 1427 1428
1427 1432 1426 1429
1439 1428
0
1431 1440
1438 1442
1432 1443 1433 1440
1434 1435
1445 1436 1441 1443 1442 1434
0
0
0
1438
1446 1447 1443
1441
1442 1450 1446 1441
0
1444 1445 1446 1451 1443
1451 1446 1447
1447 1449 1444
1445 1446 1456 1448
1452 1458
0
1457 1451 1453 1456
1461 1460 1451 1453
1462 1455
1453 1463 1461 1460 1455
1461 1460
1465 1453 1461 1457 1456 1459
1457 1463 1455
1456 1467 1464 1460 1466
0
1458 1459 1467 1457
1468
1462 1463 1461 1459 1464
1461 1471 1469
1463 1473 1465
1463
1467 1465 1464 1473
1475
1471 1470 1465 1467
1475 1476
1479 1469 1476 1477
1468 1477 1472 1478
1469 1480 1471 1475
1478 1482 1479 1475
1483
1477
1485 1483 1474
1485 1479
1480 1487 1483 1484
1479 1487 1486
1488 1478 1486 1485 1477 1481
1484 1482 1489 1483 1490
1484 1480 1485 1491
0
1489 1486 1481
1493
1495 1493 1488 1491 1492
1485 1492
1485 1497
1498 1491 1487 1489 1488 1486
0
1498 1488 1500 1499
0
0
1499 1494 1496
1492
0
1502 1494
1498 1495 1496 1503
1501 1496 1508 1506 1500
1500
0
1505 1509 1504
1506 1509 1502 1501 1500
1510 1513 1509 1511
1503 1513 1506 1511 1502 1508
1507 1514 1511
1513 1505 1512 1509
1509 1515
1515
1519
1517 1520
1521 1518 1509
1511
0
0
1522 1516 1519 1513 1514
1516 1524 1522
1518 1516 1526
1526 1522
1528 1526
1526
0
1528 1525 1521
1525 1530 1531
1525 1523
1526 1527 1523 1535
1529 1526
0
1532 1536 1538 1526
1535 1539 1536
1534
0
1531 1540 1541
1535 1532 1540 1533
0
1539 1537 1543
1535 1543
1544 1538 1545 1537 1543 1540
1537 1538 1540 1547
1546 1543 1545 1540
1541 1548 1550
1548 1541 1545 1544 1539
0
0
1551 1545 1544 1548 1547 1554
1545 1549 1546
1547 1548
1556 1546 1553
0
0
1548
1559 1552 1549 1558 1557
1561 1559 1551
1561 1551 1555 1563 1553
0
1562 1558 1556 1561
1558 1556 1554 1565 1564
1559 1561 1557 1560 1564 1558
1562 1566 1565
1561 1558 1559
0
0
1571 1564
0
1571 1563 1574 1568 1564
1568 1565 1564 1572 1571 1573
1568 1570
1577 1573 1566
1576 1568 1575 1571 1577
1567 1575 1573 1578 1576
1577 1576
1575 1570 1574 1579
1581 1575
1579 1575
1584 1576 1577
1584 1579 1578
1579 1576 1580
1585 1586 1579 1587
1586 1581 1582 1587
1579 1583 1577
1578 1584 1582 1583 1587 1589
1579
1584
1593 1582 1585 1592 1581
0
1586 1588 1587 1595
1587 1592 1584 1596 1589
0
1597 1592
1596
1592 1597 1591
1599 1593 1597
0
1592
1594 1598
0
1603
1600 1598 1595
1600 1599 1601 1606 1598
1608 1605 1598 1597 1602
1606 1609 1601 1607 1600
1608 1601 1610 1609 1607
1612 1609 1606 1604 1605 1602
1603
1610 1602
1606 1604 1611 1615 1607 1603
1607 1610 1616
1614 1606 1605 1607 1616
1614
0
1620 1614 1609
1621 1614 1611 1612
1620 1622
1621 1620
1621 1622 1614 1617 1624 1620
1619 1625 1621 1623 1617 1618
1619 1626 1623
1619 1626 1624
1627 1619 1617 1618
1619 1625 1618
1627
1624 1630 1623
1623
1623 1625 1631
1625
1626 1632 1631 1625 1634
1625 1636
1627 1636 1637 1629 1625
1635 1636 1634 1627
0
1630
1635 1637 1639
1638 1641 1635
1641 1635
1636 1634 1640 1643
0
1646 1645
1638
1636 1647
1649 1648 1647 1640 1641
1640
1641 1645 1648 1640
0
1649 1647 1652 1641 1650
1646 1654
1649 1653 1644 1645
0
1647
1647 1658
1648 1659 1652 1649
1653 1650 1651
1657
1660 1659
1659 1656 1655 1663
0
1655 1656 1661 1659 1665
1654 1657
1667 1655 1661 1658
1657 1664 1660 1661 1658
1662 1669 1663
0
1667 1663 1662
1668 1665 1666 1661 1671 1664
1670 1667 1664 1663
1663
1665
1676 1668
1667
1675 1677
1671 1667
1670
1677 1678
1676 1675 1682
1673 1681
1672 1678
1679 1678 1681
1675 1682 1685
1684
1684 1685 1678 1681 1686 1679
1677 1682 1685 1681
1686 1679
0
1681
0
1682 1691 1694
1689 1683 1685
1686 1689
1687 1697 1686
1687 1695 1697 1686 1698
1695 1696
1699 1692 1693 1698
1693 1692 1695 1689
1695 1700 1699 1690
1702 1701 1693
1696 1697
1703
1702
1695 1704 1699 1700
1699 1707
1700 1706 1698
1708 1706 1698 1704
1709
1708 1709 1701 1712
1713 1704 1712 1701 1707
1708 1711 1706 1705 1714 1704
1712 1703 1708 1711
1714 1713 1715 1707
1713 1710 1708
1716 1717
1709
1713 1708 1711 1717 1716
1720 1711 1715
1712 1713 1711 1722 1720
1720 1716
1714 1717 1721 1723
1715 1719 1713 1716 1721 1725
1722 1718
1715
0
1722
0
1729 1722 1728 1730 1723
1730 1731
1724
0
1729 1727 1734 1723 1724
1727 1733 1730 1726 1724 1729
1726
1735 1731
1733
1738 1730
1741 1729 1733 1732 1738
1733 1734 1739
1736 1739 1734 1735 1731
0
1737 1743
1735 1737 1745 1740
1740
1742
0
1744 1742 1740 1741 1739
1749 1751 1744 1742 1745
1752 1741 1748 1740
1743 1750 1747
1746 1743
1752 1754 1751 1745 1744
1754 1749 1755
1747 1757 1749 1755 1746 1750
1756 1751
1753 1748 1759 1756
1760 1749 1759
1761 1760 1752 1751 1759
1750 1751
1763 1759 1755 1752 1761
0
1764 1755
0
1760 1766 1758
1760 1761 1758
1769 1758 1767 1763 1768
0
1759 1760 1770 1768 1764
1771 1760 1766 1772
1766
1765 1774 1767
1772 1763 1769 1768 1773 1765
1773 1769 1764
1768 1777 1773 1765
1777 1774 1771
1778 1773
0
0
1774 1775
1779 1775 1777
1784 1778 1772
1783 1774 1777 1782 1781
1776 1779 1783 1782 1775
1780
1786
1787 1789
1781 1782 1788 1787
1779 1785
1783
1791 1792 1793 1784 1782 1786
1788
1795 1792 1783
1786 1784
1793 1786
1791 1796 1786 1795
0
1796 1789 1788
1793 1792 1789 1799
1793 1796 1791
0
1802 1804
0
1803 1798 1799 1806 1794
1798 1797 1795 1806 1796 1803
1806
1801
1808 1802
1800 1801 1802
1811 1806 1804 1800
1811 1802 1803 1813
0
1806 1808 1805
1814 1807 1815
1805 1814 1807
1816
1813 1818 1817
1819 1817 1808
0
0
0
1823
0
1822
1815 1824
0
1828
1822 1823
1831 1830 1820
1822 1820
1824
1824 1828 1822
1829
1824 1825
1831 1836
1826 1832 1830
1832
1836 1830
1831
1834 1833
1839
1842
0
0
1836 1847 1837 1835
1842 1845 1841 1839 1846
1839 1843 1841 1838 1846 1849
1842 1848
1840 1850 1847 1849 1845 1851
0
1852
0
1854 1851 1852 1853 1844
1847
1849
1848 1854 1857 1855 1849
1853
0
0
1851 1854
1853 1860 1857 1862 1852 1851
1854 1862 1857
1863 1856 1857
1858 1859 1864
1863 1865 1860 1858 1855 1857
1867 1858
1868 1862 1866 1858 1861
1866
1871
1865
1865 1872
1868
1872 1867 1869 1868
1876 1865
1871 1877
1877 1876 1868 1874
1867 1868 1873
1877 1880
0
1881 1872 1871 1879 1878
0
1874 1876 1873 1884 1875 1881
1883 1879
0
1878 1880 1885
1888 1876
1883
1886
1884 1888 1880 1883 1890
1880
0
0
1884 1895 1892 1888 1883 1889
1896 1894 1887 1892 1895
0
1898 1895 1889 1887
1887 1898 1897 1891 1895 1889
1899 1891
1899 1893 1894 1890 1891
1899 1902 1898 1901 1895
1901 1899 1891
1900 1892 1901 1897 1903
1896 1899 1893
1897 1895
0
1902 1908 1904
1901 1908 1905 1907
1898 1901
1909 1902 1910
1900 1904 1901
1905 1907 1902 1901
1911 1902
1912 1905
1915 1913 1905 1916
1907 1916
1906
1911 1917
1918 1917 1911 1914 1909
1918 1917
1912 1918 1910
0
1916 1917 1924
1923 1922 1921
1926 1915
1924
1920
1923 1926 1921 1925
1929 1922 1927 1930
1928 1919 1923 1930 1922
0
1931 1932 1933 1929 1924 1925
1926 1934 1930 1932 1933
1935 1934
1934
1930 1934 1927 1933 1931 1925
1931 1936 1928 1934
1928 1939 1932 1936
1930 1928 1931 1929 1938
1929 1937 1933 1935 1932 1931
1930 1941 1942 1940 1933 1939
1941 1943 1942 1939
1944 1932
1934 1937 1943
1945
1935 1946
1936 1946 1938
0
1947 1950 1946 1938 1939 1948
1944 1939 1947
1943
0
1952 1953 1950
0
1946 1945 1950 1952 1948 1956
1957 1947 1953
1948 1952 1956 1955
1959 1952
1951 1952 1956
1949 1953 1950 1959 1961
1952 1954 1960 1961
0
1964 1960 1954
1958 1954 1956 1963
1960 1956 1959 1958
0
1964 1967 1965
1957 1965 1967 1963 1960 1959
1962
1971 1962 1960
1971 1963 1962
1963 1964 1971 1969
1962 1965
1971 1968 1963 1969 1967 1974
1967
0
1969 1974 1975
1976 1975 1968 1970
1978
1980 1973 1979 1972
1982 1974 1972 1975 1981 1978
1976 1983 1972
1983 1975
1975 1983 1984
1983 1975
1985 1977 1983
1980 1979 1984 1987
1979 1985 1989 1983
1990 1983 1979 1981 1987
1984 1990 1991
1982 1991 1986
0
1987 1988 1984 1991 1985 1992
0
0
1987
1994 1990
1993 1997
0
1995 1991 1998 1992 1994
1994 1995
1996 1992 1997 1995 1999
1993 1995 1992 1997
1999